-99 9
-99 -2
-99 -81
-99 43
-99 10
-98 9
-98 -2
-98 -81
-98 43
-98 10
-97 9
-97 -2
-97 -81
-97 43
-97 10
-96 9
-96 -2
-96 -81
-96 43
-96 10
-95 9
-95 -2
-95 -81
-95 43
-95 10
-94 9
-94 -2
-94 -81
-94 43
-94 10
-93 9
-93 -2
-93 -81
-93 43
-93 10
-92 9
-92 -2
-92 -81
-92 43
-92 10
-91 9
-91 -2
-91 -81
-91 43
-91 10
-90 9
-90 -2
-90 -81
-90 43
-90 10
-89 9
-89 -2
-89 -81
-89 43
-89 10
-88 9
-88 -2
-88 -81
-88 43
-88 10
-87 9
-87 -2
-87 -81
-87 43
-87 10
-86 9
-86 -2
-86 -81
-86 43
-86 10
-85 9
-85 -2
-85 -81
-85 43
-85 10
-84 9
-84 -2
-84 -81
-84 43
-84 10
-83 9
-83 -2
-83 -81
-83 43
-83 10
-82 9
-82 -2
-82 -81
-82 43
-82 10
-81 9
-81 -2
-81 -81
-81 43
-81 10
-80 9
-80 -2
-80 -81
-80 43
-80 10
-79 9
-79 -2
-79 -81
-79 43
-79 10
-78 9
-78 -2
-78 -81
-78 43
-78 10
-77 9
-77 -2
-77 -81
-77 43
-77 10
-76 9
-76 -2
-76 -81
-76 43
-76 10
-75 9
-75 -2
-75 -81
-75 43
-75 10
-74 9
-74 -2
-74 -81
-74 43
-74 10
-73 9
-73 -2
-73 -81
-73 43
-73 10
-72 9
-72 -2
-72 -81
-72 43
-72 10
-71 9
-71 -2
-71 -81
-71 43
-71 10
-70 9
-70 -2
-70 -81
-70 43
-70 10
-69 9
-69 -2
-69 -81
-69 43
-69 10
-68 9
-68 -2
-68 -81
-68 43
-68 10
-67 9
-67 -2
-67 -81
-67 43
-67 10
-66 9
-66 -2
-66 -81
-66 43
-66 10
-65 9
-65 -2
-65 -81
-65 43
-65 10
-64 9
-64 -2
-64 -81
-64 43
-64 10
-63 9
-63 -2
-63 -81
-63 43
-63 10
-62 9
-62 -2
-62 -81
-62 43
-62 10
-61 9
-61 -2
-61 -81
-61 43
-61 10
-60 9
-60 -2
-60 -81
-60 43
-60 10
-59 9
-59 -2
-59 -81
-59 43
-59 10
-58 9
-58 -2
-58 -81
-58 43
-58 10
-57 9
-57 -2
-57 -81
-57 43
-57 10
-56 9
-56 -2
-56 -81
-56 43
-56 10
-55 9
-55 -2
-55 -81
-55 43
-55 10
-54 9
-54 -2
-54 -81
-54 43
-54 10
-53 9
-53 -2
-53 -81
-53 43
-53 10
-52 9
-52 -2
-52 -81
-52 43
-52 10
-51 9
-51 -2
-51 -81
-51 43
-51 10
-50 9
-50 -2
-50 -81
-50 43
-50 10
-49 9
-49 -2
-49 -81
-49 43
-49 10
-48 9
-48 -2
-48 -81
-48 43
-48 10
-47 9
-47 -2
-47 -81
-47 43
-47 10
-46 9
-46 -2
-46 -81
-46 43
-46 10
-45 9
-45 -2
-45 -81
-45 43
-45 10
-44 9
-44 -2
-44 -81
-44 43
-44 10
-43 9
-43 -2
-43 -81
-43 43
-43 10
-42 9
-42 -2
-42 -81
-42 43
-42 10
-41 9
-41 -2
-41 -81
-41 43
-41 10
-40 9
-40 -2
-40 -81
-40 43
-40 10
-39 9
-39 -2
-39 -81
-39 43
-39 10
-38 9
-38 -2
-38 -81
-38 43
-38 10
-37 9
-37 -2
-37 -81
-37 43
-37 10
-36 9
-36 -2
-36 -81
-36 43
-36 10
-35 9
-35 -2
-35 -81
-35 43
-35 10
-34 9
-34 -2
-34 -81
-34 43
-34 10
-33 9
-33 -2
-33 -81
-33 43
-33 10
-32 9
-32 -2
-32 -81
-32 43
-32 10
-31 9
-31 -2
-31 -81
-31 43
-31 10
-30 9
-30 -2
-30 -81
-30 43
-30 10
-29 9
-29 -2
-29 -81
-29 43
-29 10
-28 9
-28 -2
-28 -81
-28 43
-28 10
-27 9
-27 -2
-27 -81
-27 43
-27 10
-26 9
-26 -2
-26 -81
-26 43
-26 10
-25 9
-25 -2
-25 -81
-25 43
-25 10
-24 9
-24 -2
-24 -81
-24 43
-24 10
-23 9
-23 -2
-23 -81
-23 43
-23 10
-22 9
-22 -2
-22 -81
-22 43
-22 10
-21 9
-21 -2
-21 -81
-21 43
-21 10
-20 9
-20 -2
-20 -81
-20 43
-20 10
-19 9
-19 -2
-19 -81
-19 43
-19 10
-18 9
-18 -2
-18 -81
-18 43
-18 10
-17 9
-17 -2
-17 -81
-17 43
-17 10
-16 9
-16 -2
-16 -81
-16 43
-16 10
-15 9
-15 -2
-15 -81
-15 43
-15 10
-14 9
-14 -2
-14 -81
-14 43
-14 10
-13 9
-13 -2
-13 -81
-13 43
-13 10
-12 9
-12 -2
-12 -81
-12 43
-12 10
-11 9
-11 -2
-11 -81
-11 43
-11 10
-10 9
-10 -2
-10 -81
-10 43
-10 10
-9 9
-9 -2
-9 -81
-9 43
-9 10
-8 9
-8 -2
-8 -81
-8 43
-8 10
-7 9
-7 -2
-7 -81
-7 43
-7 10
-6 9
-6 -2
-6 -81
-6 43
-6 10
-5 9
-5 -2
-5 -81
-5 43
-5 10
-4 9
-4 -2
-4 -81
-4 43
-4 10
-3 9
-3 -2
-3 -81
-3 43
-3 10
-2 9
-2 -2
-2 -81
-2 43
-2 10
-1 9
-1 -2
-1 -81
-1 43
-1 10
0 9
0 -2
0 -81
0 43
0 10
1 9
1 -2
1 -81
1 43
1 10
2 9
2 -2
2 -81
2 43
2 10
3 9
3 -2
3 -81
3 43
3 10
4 9
4 -2
4 -81
4 43
4 10
5 9
5 -2
5 -81
5 43
5 10
6 9
6 -2
6 -81
6 43
6 10
7 9
7 -2
7 -81
7 43
7 10
8 9
8 -2
8 -81
8 43
8 10
9 9
9 -2
9 -81
9 43
9 10
10 9
10 -2
10 -81
10 43
10 10
11 9
11 -2
11 -81
11 43
11 10
12 9
12 -2
12 -81
12 43
12 10
13 9
13 -2
13 -81
13 43
13 10
14 9
14 -2
14 -81
14 43
14 10
15 9
15 -2
15 -81
15 43
15 10
16 9
16 -2
16 -81
16 43
16 10
17 9
17 -2
17 -81
17 43
17 10
18 9
18 -2
18 -81
18 43
18 10
19 9
19 -2
19 -81
19 43
19 10
20 9
20 -2
20 -81
20 43
20 10
21 9
21 -2
21 -81
21 43
21 10
22 9
22 -2
22 -81
22 43
22 10
23 9
23 -2
23 -81
23 43
23 10
24 9
24 -2
24 -81
24 43
24 10
25 9
25 -2
25 -81
25 43
25 10
26 9
26 -2
26 -81
26 43
26 10
27 9
27 -2
27 -81
27 43
27 10
28 9
28 -2
28 -81
28 43
28 10
29 9
29 -2
29 -81
29 43
29 10
30 9
30 -2
30 -81
30 43
30 10
31 9
31 -2
31 -81
31 43
31 10
32 9
32 -2
32 -81
32 43
32 10
33 9
33 -2
33 -81
33 43
33 10
34 9
34 -2
34 -81
34 43
34 10
35 9
35 -2
35 -81
35 43
35 10
36 9
36 -2
36 -81
36 43
36 10
37 9
37 -2
37 -81
37 43
37 10
38 9
38 -2
38 -81
38 43
38 10
39 9
39 -2
39 -81
39 43
39 10
40 9
40 -2
40 -81
40 43
40 10
41 9
41 -2
41 -81
41 43
41 10
42 9
42 -2
42 -81
42 43
42 10
43 9
43 -2
43 -81
43 43
43 10
44 9
44 -2
44 -81
44 43
44 10
45 9
45 -2
45 -81
45 43
45 10
46 9
46 -2
46 -81
46 43
46 10
47 9
47 -2
47 -81
47 43
47 10
48 9
48 -2
48 -81
48 43
48 10
49 9
49 -2
49 -81
49 43
49 10
50 9
50 -2
50 -81
50 43
50 10
51 9
51 -2
51 -81
51 43
51 10
52 9
52 -2
52 -81
52 43
52 10
53 9
53 -2
53 -81
53 43
53 10
54 9
54 -2
54 -81
54 43
54 10
55 9
55 -2
55 -81
55 43
55 10
56 9
56 -2
56 -81
56 43
56 10
57 9
57 -2
57 -81
57 43
57 10
58 9
58 -2
58 -81
58 43
58 10
59 9
59 -2
59 -81
59 43
59 10
60 9
60 -2
60 -81
60 43
60 10
61 9
61 -2
61 -81
61 43
61 10
62 9
62 -2
62 -81
62 43
62 10
63 9
63 -2
63 -81
63 43
63 10
64 9
64 -2
64 -81
64 43
64 10
65 9
65 -2
65 -81
65 43
65 10
66 9
66 -2
66 -81
66 43
66 10
67 9
67 -2
67 -81
67 43
67 10
68 9
68 -2
68 -81
68 43
68 10
69 9
69 -2
69 -81
69 43
69 10
70 9
70 -2
70 -81
70 43
70 10
71 9
71 -2
71 -81
71 43
71 10
72 9
72 -2
72 -81
72 43
72 10
73 9
73 -2
73 -81
73 43
73 10
74 9
74 -2
74 -81
74 43
74 10
75 9
75 -2
75 -81
75 43
75 10
76 9
76 -2
76 -81
76 43
76 10
77 9
77 -2
77 -81
77 43
77 10
78 9
78 -2
78 -81
78 43
78 10
79 9
79 -2
79 -81
79 43
79 10
80 9
80 -2
80 -81
80 43
80 10
81 9
81 -2
81 -81
81 43
81 10
82 9
82 -2
82 -81
82 43
82 10
83 9
83 -2
83 -81
83 43
83 10
84 9
84 -2
84 -81
84 43
84 10
85 9
85 -2
85 -81
85 43
85 10
86 9
86 -2
86 -81
86 43
86 10
87 9
87 -2
87 -81
87 43
87 10
88 9
88 -2
88 -81
88 43
88 10
89 9
89 -2
89 -81
89 43
89 10
90 9
90 -2
90 -81
90 43
90 10
91 9
91 -2
91 -81
91 43
91 10
92 9
92 -2
92 -81
92 43
92 10
93 9
93 -2
93 -81
93 43
93 10
94 9
94 -2
94 -81
94 43
94 10
95 9
95 -2
95 -81
95 43
95 10
96 9
96 -2
96 -81
96 43
96 10
97 9
97 -2
97 -81
97 43
97 10
98 9
98 -2
98 -81
98 43
98 10
99 9
99 -2
99 -81
99 43
99 10
100 9
100 -2
100 -81
100 43
100 10
101 9
101 -2
101 -81
101 43
101 10
102 9
102 -2
102 -81
102 43
102 10
103 9
103 -2
103 -81
103 43
103 10
104 9
104 -2
104 -81
104 43
104 10
105 9
105 -2
105 -81
105 43
105 10
106 9
106 -2
106 -81
106 43
106 10
107 9
107 -2
107 -81
107 43
107 10
108 9
108 -2
108 -81
108 43
108 10
109 9
109 -2
109 -81
109 43
109 10
110 9
110 -2
110 -81
110 43
110 10
111 9
111 -2
111 -81
111 43
111 10
112 9
112 -2
112 -81
112 43
112 10
113 9
113 -2
113 -81
113 43
113 10
114 9
114 -2
114 -81
114 43
114 10
115 9
115 -2
115 -81
115 43
115 10
116 9
116 -2
116 -81
116 43
116 10
117 9
117 -2
117 -81
117 43
117 10
118 9
118 -2
118 -81
118 43
118 10
119 9
119 -2
119 -81
119 43
119 10
120 9
120 -2
120 -81
120 43
120 10
121 9
121 -2
121 -81
121 43
121 10
122 9
122 -2
122 -81
122 43
122 10
123 9
123 -2
123 -81
123 43
123 10
124 9
124 -2
124 -81
124 43
124 10
125 9
125 -2
125 -81
125 43
125 10
126 9
126 -2
126 -81
126 43
126 10
127 9
127 -2
127 -81
127 43
127 10
128 9
128 -2
128 -81
128 43
128 10
129 9
129 -2
129 -81
129 43
129 10
130 9
130 -2
130 -81
130 43
130 10
131 9
131 -2
131 -81
131 43
131 10
132 9
132 -2
132 -81
132 43
132 10
133 9
133 -2
133 -81
133 43
133 10
134 9
134 -2
134 -81
134 43
134 10
135 9
135 -2
135 -81
135 43
135 10
136 9
136 -2
136 -81
136 43
136 10
137 9
137 -2
137 -81
137 43
137 10
138 9
138 -2
138 -81
138 43
138 10
139 9
139 -2
139 -81
139 43
139 10
140 9
140 -2
140 -81
140 43
140 10
141 9
141 -2
141 -81
141 43
141 10
142 9
142 -2
142 -81
142 43
142 10
143 9
143 -2
143 -81
143 43
143 10
144 9
144 -2
144 -81
144 43
144 10
145 9
145 -2
145 -81
145 43
145 10
146 9
146 -2
146 -81
146 43
146 10
147 9
147 -2
147 -81
147 43
147 10
148 9
148 -2
148 -81
148 43
148 10
149 9
149 -2
149 -81
149 43
149 10
150 9
150 -2
150 -81
150 43
150 10
151 9
151 -2
151 -81
151 43
151 10
152 9
152 -2
152 -81
152 43
152 10
153 9
153 -2
153 -81
153 43
153 10
154 9
154 -2
154 -81
154 43
154 10
155 9
155 -2
155 -81
155 43
155 10
156 9
156 -2
156 -81
156 43
156 10
157 9
157 -2
157 -81
157 43
157 10
158 9
158 -2
158 -81
158 43
158 10
159 9
159 -2
159 -81
159 43
159 10
160 9
160 -2
160 -81
160 43
160 10
161 9
161 -2
161 -81
161 43
161 10
162 9
162 -2
162 -81
162 43
162 10
163 9
163 -2
163 -81
163 43
163 10
164 9
164 -2
164 -81
164 43
164 10
165 9
165 -2
165 -81
165 43
165 10
166 9
166 -2
166 -81
166 43
166 10
167 9
167 -2
167 -81
167 43
167 10
168 9
168 -2
168 -81
168 43
168 10
169 9
169 -2
169 -81
169 43
169 10
170 9
170 -2
170 -81
170 43
170 10
171 9
171 -2
171 -81
171 43
171 10
172 9
172 -2
172 -81
172 43
172 10
173 9
173 -2
173 -81
173 43
173 10
174 9
174 -2
174 -81
174 43
174 10
175 9
175 -2
175 -81
175 43
175 10
176 9
176 -2
176 -81
176 43
176 10
177 9
177 -2
177 -81
177 43
177 10
178 9
178 -2
178 -81
178 43
178 10
179 9
179 -2
179 -81
179 43
179 10
180 9
180 -2
180 -81
180 43
180 10
181 9
181 -2
181 -81
181 43
181 10
182 9
182 -2
182 -81
182 43
182 10
183 9
183 -2
183 -81
183 43
183 10
184 9
184 -2
184 -81
184 43
184 10
185 9
185 -2
185 -81
185 43
185 10
186 9
186 -2
186 -81
186 43
186 10
187 9
187 -2
187 -81
187 43
187 10
188 9
188 -2
188 -81
188 43
188 10
189 9
189 -2
189 -81
189 43
189 10
190 9
190 -2
190 -81
190 43
190 10
191 9
191 -2
191 -81
191 43
191 10
192 9
192 -2
192 -81
192 43
192 10
193 9
193 -2
193 -81
193 43
193 10
194 9
194 -2
194 -81
194 43
194 10
195 9
195 -2
195 -81
195 43
195 10
196 9
196 -2
196 -81
196 43
196 10
197 9
197 -2
197 -81
197 43
197 10
198 9
198 -2
198 -81
198 43
198 10
199 9
199 -2
199 -81
199 43
199 10
200 9
200 -2
200 -81
200 43
200 10
201 9
201 -2
201 -81
201 43
201 10
202 9
202 -2
202 -81
202 43
202 10
203 9
203 -2
203 -81
203 43
203 10
204 9
204 -2
204 -81
204 43
204 10
205 9
205 -2
205 -81
205 43
205 10
206 9
206 -2
206 -81
206 43
206 10
207 9
207 -2
207 -81
207 43
207 10
208 9
208 -2
208 -81
208 43
208 10
209 9
209 -2
209 -81
209 43
209 10
210 9
210 -2
210 -81
210 43
210 10
211 9
211 -2
211 -81
211 43
211 10
212 9
212 -2
212 -81
212 43
212 10
213 9
213 -2
213 -81
213 43
213 10
214 9
214 -2
214 -81
214 43
214 10
215 9
215 -2
215 -81
215 43
215 10
216 9
216 -2
216 -81
216 43
216 10
217 9
217 -2
217 -81
217 43
217 10
218 9
218 -2
218 -81
218 43
218 10
219 9
219 -2
219 -81
219 43
219 10
220 9
220 -2
220 -81
220 43
220 10
221 9
221 -2
221 -81
221 43
221 10
222 9
222 -2
222 -81
222 43
222 10
223 9
223 -2
223 -81
223 43
223 10
224 9
224 -2
224 -81
224 43
224 10
225 9
225 -2
225 -81
225 43
225 10
226 9
226 -2
226 -81
226 43
226 10
227 9
227 -2
227 -81
227 43
227 10
228 9
228 -2
228 -81
228 43
228 10
229 9
229 -2
229 -81
229 43
229 10
230 9
230 -2
230 -81
230 43
230 10
231 9
231 -2
231 -81
231 43
231 10
232 9
232 -2
232 -81
232 43
232 10
233 9
233 -2
233 -81
233 43
233 10
234 9
234 -2
234 -81
234 43
234 10
235 9
235 -2
235 -81
235 43
235 10
236 9
236 -2
236 -81
236 43
236 10
237 9
237 -2
237 -81
237 43
237 10
238 9
238 -2
238 -81
238 43
238 10
239 9
239 -2
239 -81
239 43
239 10
240 9
240 -2
240 -81
240 43
240 10
241 9
241 -2
241 -81
241 43
241 10
242 9
242 -2
242 -81
242 43
242 10
243 9
243 -2
243 -81
243 43
243 10
244 9
244 -2
244 -81
244 43
244 10
245 9
245 -2
245 -81
245 43
245 10
246 9
246 -2
246 -81
246 43
246 10
247 9
247 -2
247 -81
247 43
247 10
248 9
248 -2
248 -81
248 43
248 10
249 9
249 -2
249 -81
249 43
249 10
250 9
250 -2
250 -81
250 43
250 10
251 9
251 -2
251 -81
251 43
251 10
252 9
252 -2
252 -81
252 43
252 10
253 9
253 -2
253 -81
253 43
253 10
254 9
254 -2
254 -81
254 43
254 10
255 9
255 -2
255 -81
255 43
255 10
256 9
256 -2
256 -81
256 43
256 10
257 9
257 -2
257 -81
257 43
257 10
258 9
258 -2
258 -81
258 43
258 10
259 9
259 -2
259 -81
259 43
259 10
260 9
260 -2
260 -81
260 43
260 10
261 9
261 -2
261 -81
261 43
261 10
262 9
262 -2
262 -81
262 43
262 10
263 9
263 -2
263 -81
263 43
263 10
264 9
264 -2
264 -81
264 43
264 10
265 9
265 -2
265 -81
265 43
265 10
266 9
266 -2
266 -81
266 43
266 10
267 9
267 -2
267 -81
267 43
267 10
268 9
268 -2
268 -81
268 43
268 10
269 9
269 -2
269 -81
269 43
269 10
270 9
270 -2
270 -81
270 43
270 10
271 9
271 -2
271 -81
271 43
271 10
272 9
272 -2
272 -81
272 43
272 10
273 9
273 -2
273 -81
273 43
273 10
274 9
274 -2
274 -81
274 43
274 10
275 9
275 -2
275 -81
275 43
275 10
276 9
276 -2
276 -81
276 43
276 10
277 9
277 -2
277 -81
277 43
277 10
278 9
278 -2
278 -81
278 43
278 10
279 9
279 -2
279 -81
279 43
279 10
280 9
280 -2
280 -81
280 43
280 10
281 9
281 -2
281 -81
281 43
281 10
282 9
282 -2
282 -81
282 43
282 10
283 9
283 -2
283 -81
283 43
283 10
284 9
284 -2
284 -81
284 43
284 10
285 9
285 -2
285 -81
285 43
285 10
286 9
286 -2
286 -81
286 43
286 10
287 9
287 -2
287 -81
287 43
287 10
288 9
288 -2
288 -81
288 43
288 10
289 9
289 -2
289 -81
289 43
289 10
290 9
290 -2
290 -81
290 43
290 10
291 9
291 -2
291 -81
291 43
291 10
292 9
292 -2
292 -81
292 43
292 10
293 9
293 -2
293 -81
293 43
293 10
294 9
294 -2
294 -81
294 43
294 10
295 9
295 -2
295 -81
295 43
295 10
296 9
296 -2
296 -81
296 43
296 10
297 9
297 -2
297 -81
297 43
297 10
298 9
298 -2
298 -81
298 43
298 10
299 9
299 -2
299 -81
299 43
299 10
300 9
300 -2
300 -81
300 43
300 10
301 9
301 -2
301 -81
301 43
301 10
302 9
302 -2
302 -81
302 43
302 10
303 9
303 -2
303 -81
303 43
303 10
304 9
304 -2
304 -81
304 43
304 10
305 9
305 -2
305 -81
305 43
305 10
306 9
306 -2
306 -81
306 43
306 10
307 9
307 -2
307 -81
307 43
307 10
308 9
308 -2
308 -81
308 43
308 10
309 9
309 -2
309 -81
309 43
309 10
310 9
310 -2
310 -81
310 43
310 10
311 9
311 -2
311 -81
311 43
311 10
312 9
312 -2
312 -81
312 43
312 10
313 9
313 -2
313 -81
313 43
313 10
314 9
314 -2
314 -81
314 43
314 10
315 9
315 -2
315 -81
315 43
315 10
316 9
316 -2
316 -81
316 43
316 10
317 9
317 -2
317 -81
317 43
317 10
318 9
318 -2
318 -81
318 43
318 10
319 9
319 -2
319 -81
319 43
319 10
320 9
320 -2
320 -81
320 43
320 10
321 9
321 -2
321 -81
321 43
321 10
322 9
322 -2
322 -81
322 43
322 10
323 9
323 -2
323 -81
323 43
323 10
324 9
324 -2
324 -81
324 43
324 10
325 9
325 -2
325 -81
325 43
325 10
326 9
326 -2
326 -81
326 43
326 10
327 9
327 -2
327 -81
327 43
327 10
328 9
328 -2
328 -81
328 43
328 10
329 9
329 -2
329 -81
329 43
329 10
330 9
330 -2
330 -81
330 43
330 10
331 9
331 -2
331 -81
331 43
331 10
332 9
332 -2
332 -81
332 43
332 10
333 9
333 -2
333 -81
333 43
333 10
334 9
334 -2
334 -81
334 43
334 10
335 9
335 -2
335 -81
335 43
335 10
336 9
336 -2
336 -81
336 43
336 10
337 9
337 -2
337 -81
337 43
337 10
338 9
338 -2
338 -81
338 43
338 10
339 9
339 -2
339 -81
339 43
339 10
340 9
340 -2
340 -81
340 43
340 10
341 9
341 -2
341 -81
341 43
341 10
342 9
342 -2
342 -81
342 43
342 10
343 9
343 -2
343 -81
343 43
343 10
344 9
344 -2
344 -81
344 43
344 10
345 9
345 -2
345 -81
345 43
345 10
346 9
346 -2
346 -81
346 43
346 10
347 9
347 -2
347 -81
347 43
347 10
348 9
348 -2
348 -81
348 43
348 10
349 9
349 -2
349 -81
349 43
349 10
350 9
350 -2
350 -81
350 43
350 10
351 9
351 -2
351 -81
351 43
351 10
352 9
352 -2
352 -81
352 43
352 10
353 9
353 -2
353 -81
353 43
353 10
354 9
354 -2
354 -81
354 43
354 10
355 9
355 -2
355 -81
355 43
355 10
356 9
356 -2
356 -81
356 43
356 10
357 9
357 -2
357 -81
357 43
357 10
358 9
358 -2
358 -81
358 43
358 10
359 9
359 -2
359 -81
359 43
359 10
360 9
360 -2
360 -81
360 43
360 10
361 9
361 -2
361 -81
361 43
361 10
362 9
362 -2
362 -81
362 43
362 10
363 9
363 -2
363 -81
363 43
363 10
364 9
364 -2
364 -81
364 43
364 10
365 9
365 -2
365 -81
365 43
365 10
366 9
366 -2
366 -81
366 43
366 10
367 9
367 -2
367 -81
367 43
367 10
368 9
368 -2
368 -81
368 43
368 10
369 9
369 -2
369 -81
369 43
369 10
370 9
370 -2
370 -81
370 43
370 10
371 9
371 -2
371 -81
371 43
371 10
372 9
372 -2
372 -81
372 43
372 10
373 9
373 -2
373 -81
373 43
373 10
374 9
374 -2
374 -81
374 43
374 10
375 9
375 -2
375 -81
375 43
375 10
376 9
376 -2
376 -81
376 43
376 10
377 9
377 -2
377 -81
377 43
377 10
378 9
378 -2
378 -81
378 43
378 10
379 9
379 -2
379 -81
379 43
379 10
380 9
380 -2
380 -81
380 43
380 10
381 9
381 -2
381 -81
381 43
381 10
382 9
382 -2
382 -81
382 43
382 10
383 9
383 -2
383 -81
383 43
383 10
384 9
384 -2
384 -81
384 43
384 10
385 9
385 -2
385 -81
385 43
385 10
386 9
386 -2
386 -81
386 43
386 10
387 9
387 -2
387 -81
387 43
387 10
388 9
388 -2
388 -81
388 43
388 10
389 9
389 -2
389 -81
389 43
389 10
390 9
390 -2
390 -81
390 43
390 10
391 9
391 -2
391 -81
391 43
391 10
392 9
392 -2
392 -81
392 43
392 10
393 9
393 -2
393 -81
393 43
393 10
394 9
394 -2
394 -81
394 43
394 10
395 9
395 -2
395 -81
395 43
395 10
396 9
396 -2
396 -81
396 43
396 10
397 9
397 -2
397 -81
397 43
397 10
398 9
398 -2
398 -81
398 43
398 10
399 9
399 -2
399 -81
399 43
399 10
400 9
400 -2
400 -81
400 43
400 10
401 9
401 -2
401 -81
401 43
401 10
402 9
402 -2
402 -81
402 43
402 10
403 9
403 -2
403 -81
403 43
403 10
404 9
404 -2
404 -81
404 43
404 10
405 9
405 -2
405 -81
405 43
405 10
406 9
406 -2
406 -81
406 43
406 10
407 9
407 -2
407 -81
407 43
407 10
408 9
408 -2
408 -81
408 43
408 10
409 9
409 -2
409 -81
409 43
409 10
410 9
410 -2
410 -81
410 43
410 10
411 9
411 -2
411 -81
411 43
411 10
412 9
412 -2
412 -81
412 43
412 10
413 9
413 -2
413 -81
413 43
413 10
414 9
414 -2
414 -81
414 43
414 10
415 9
415 -2
415 -81
415 43
415 10
416 9
416 -2
416 -81
416 43
416 10
417 9
417 -2
417 -81
417 43
417 10
418 9
418 -2
418 -81
418 43
418 10
419 9
419 -2
419 -81
419 43
419 10
420 9
420 -2
420 -81
420 43
420 10
421 9
421 -2
421 -81
421 43
421 10
422 9
422 -2
422 -81
422 43
422 10
423 9
423 -2
423 -81
423 43
423 10
424 9
424 -2
424 -81
424 43
424 10
425 9
425 -2
425 -81
425 43
425 10
426 9
426 -2
426 -81
426 43
426 10
427 9
427 -2
427 -81
427 43
427 10
428 9
428 -2
428 -81
428 43
428 10
429 9
429 -2
429 -81
429 43
429 10
430 9
430 -2
430 -81
430 43
430 10
431 9
431 -2
431 -81
431 43
431 10
432 9
432 -2
432 -81
432 43
432 10
433 9
433 -2
433 -81
433 43
433 10
434 9
434 -2
434 -81
434 43
434 10
435 9
435 -2
435 -81
435 43
435 10
436 9
436 -2
436 -81
436 43
436 10
437 9
437 -2
437 -81
437 43
437 10
438 9
438 -2
438 -81
438 43
438 10
439 9
439 -2
439 -81
439 43
439 10
440 9
440 -2
440 -81
440 43
440 10
441 9
441 -2
441 -81
441 43
441 10
442 9
442 -2
442 -81
442 43
442 10
443 9
443 -2
443 -81
443 43
443 10
444 9
444 -2
444 -81
444 43
444 10
445 9
445 -2
445 -81
445 43
445 10
446 9
446 -2
446 -81
446 43
446 10
447 9
447 -2
447 -81
447 43
447 10
448 9
448 -2
448 -81
448 43
448 10
449 9
449 -2
449 -81
449 43
449 10
450 9
450 -2
450 -81
450 43
450 10
451 9
451 -2
451 -81
451 43
451 10
452 9
452 -2
452 -81
452 43
452 10
453 9
453 -2
453 -81
453 43
453 10
454 9
454 -2
454 -81
454 43
454 10
455 9
455 -2
455 -81
455 43
455 10
456 9
456 -2
456 -81
456 43
456 10
457 9
457 -2
457 -81
457 43
457 10
458 9
458 -2
458 -81
458 43
458 10
459 9
459 -2
459 -81
459 43
459 10
460 9
460 -2
460 -81
460 43
460 10
461 9
461 -2
461 -81
461 43
461 10
462 9
462 -2
462 -81
462 43
462 10
463 9
463 -2
463 -81
463 43
463 10
464 9
464 -2
464 -81
464 43
464 10
465 9
465 -2
465 -81
465 43
465 10
466 9
466 -2
466 -81
466 43
466 10
467 9
467 -2
467 -81
467 43
467 10
468 9
468 -2
468 -81
468 43
468 10
469 9
469 -2
469 -81
469 43
469 10
470 9
470 -2
470 -81
470 43
470 10
471 9
471 -2
471 -81
471 43
471 10
472 9
472 -2
472 -81
472 43
472 10
473 9
473 -2
473 -81
473 43
473 10
474 9
474 -2
474 -81
474 43
474 10
475 9
475 -2
475 -81
475 43
475 10
476 9
476 -2
476 -81
476 43
476 10
477 9
477 -2
477 -81
477 43
477 10
478 9
478 -2
478 -81
478 43
478 10
479 9
479 -2
479 -81
479 43
479 10
480 9
480 -2
480 -81
480 43
480 10
481 9
481 -2
481 -81
481 43
481 10
482 9
482 -2
482 -81
482 43
482 10
483 9
483 -2
483 -81
483 43
483 10
484 9
484 -2
484 -81
484 43
484 10
485 9
485 -2
485 -81
485 43
485 10
486 9
486 -2
486 -81
486 43
486 10
487 9
487 -2
487 -81
487 43
487 10
488 9
488 -2
488 -81
488 43
488 10
489 9
489 -2
489 -81
489 43
489 10
490 9
490 -2
490 -81
490 43
490 10
491 9
491 -2
491 -81
491 43
491 10
492 9
492 -2
492 -81
492 43
492 10
493 9
493 -2
493 -81
493 43
493 10
494 9
494 -2
494 -81
494 43
494 10
495 9
495 -2
495 -81
495 43
495 10
496 9
496 -2
496 -81
496 43
496 10
497 9
497 -2
497 -81
497 43
497 10
498 9
498 -2
498 -81
498 43
498 10
499 9
499 -2
499 -81
499 43
499 10
500 9
500 -2
500 -81
500 43
500 10
501 9
501 -2
501 -81
501 43
501 10
502 9
502 -2
502 -81
502 43
502 10
503 9
503 -2
503 -81
503 43
503 10
504 9
504 -2
504 -81
504 43
504 10
505 9
505 -2
505 -81
505 43
505 10
506 9
506 -2
506 -81
506 43
506 10
507 9
507 -2
507 -81
507 43
507 10
508 9
508 -2
508 -81
508 43
508 10
509 9
509 -2
509 -81
509 43
509 10
510 9
510 -2
510 -81
510 43
510 10
511 9
511 -2
511 -81
511 43
511 10
512 9
512 -2
512 -81
512 43
512 10
513 9
513 -2
513 -81
513 43
513 10
514 9
514 -2
514 -81
514 43
514 10
515 9
515 -2
515 -81
515 43
515 10
516 9
516 -2
516 -81
516 43
516 10
517 9
517 -2
517 -81
517 43
517 10
518 9
518 -2
518 -81
518 43
518 10
519 9
519 -2
519 -81
519 43
519 10
520 9
520 -2
520 -81
520 43
520 10
521 9
521 -2
521 -81
521 43
521 10
522 9
522 -2
522 -81
522 43
522 10
523 9
523 -2
523 -81
523 43
523 10
524 9
524 -2
524 -81
524 43
524 10
525 9
525 -2
525 -81
525 43
525 10
526 9
526 -2
526 -81
526 43
526 10
527 9
527 -2
527 -81
527 43
527 10
528 9
528 -2
528 -81
528 43
528 10
529 9
529 -2
529 -81
529 43
529 10
530 9
530 -2
530 -81
530 43
530 10
531 9
531 -2
531 -81
531 43
531 10
532 9
532 -2
532 -81
532 43
532 10
533 9
533 -2
533 -81
533 43
533 10
534 9
534 -2
534 -81
534 43
534 10
535 9
535 -2
535 -81
535 43
535 10
536 9
536 -2
536 -81
536 43
536 10
537 9
537 -2
537 -81
537 43
537 10
538 9
538 -2
538 -81
538 43
538 10
539 9
539 -2
539 -81
539 43
539 10
540 9
540 -2
540 -81
540 43
540 10
541 9
541 -2
541 -81
541 43
541 10
542 9
542 -2
542 -81
542 43
542 10
543 9
543 -2
543 -81
543 43
543 10
544 9
544 -2
544 -81
544 43
544 10
545 9
545 -2
545 -81
545 43
545 10
546 9
546 -2
546 -81
546 43
546 10
547 9
547 -2
547 -81
547 43
547 10
548 9
548 -2
548 -81
548 43
548 10
549 9
549 -2
549 -81
549 43
549 10
550 9
550 -2
550 -81
550 43
550 10
551 9
551 -2
551 -81
551 43
551 10
552 9
552 -2
552 -81
552 43
552 10
553 9
553 -2
553 -81
553 43
553 10
554 9
554 -2
554 -81
554 43
554 10
555 9
555 -2
555 -81
555 43
555 10
556 9
556 -2
556 -81
556 43
556 10
557 9
557 -2
557 -81
557 43
557 10
558 9
558 -2
558 -81
558 43
558 10
559 9
559 -2
559 -81
559 43
559 10
560 9
560 -2
560 -81
560 43
560 10
561 9
561 -2
561 -81
561 43
561 10
562 9
562 -2
562 -81
562 43
562 10
563 9
563 -2
563 -81
563 43
563 10
564 9
564 -2
564 -81
564 43
564 10
565 9
565 -2
565 -81
565 43
565 10
566 9
566 -2
566 -81
566 43
566 10
567 9
567 -2
567 -81
567 43
567 10
568 9
568 -2
568 -81
568 43
568 10
569 9
569 -2
569 -81
569 43
569 10
570 9
570 -2
570 -81
570 43
570 10
571 9
571 -2
571 -81
571 43
571 10
572 9
572 -2
572 -81
572 43
572 10
573 9
573 -2
573 -81
573 43
573 10
574 9
574 -2
574 -81
574 43
574 10
575 9
575 -2
575 -81
575 43
575 10
576 9
576 -2
576 -81
576 43
576 10
577 9
577 -2
577 -81
577 43
577 10
578 9
578 -2
578 -81
578 43
578 10
579 9
579 -2
579 -81
579 43
579 10
580 9
580 -2
580 -81
580 43
580 10
581 9
581 -2
581 -81
581 43
581 10
582 9
582 -2
582 -81
582 43
582 10
583 9
583 -2
583 -81
583 43
583 10
584 9
584 -2
584 -81
584 43
584 10
585 9
585 -2
585 -81
585 43
585 10
586 9
586 -2
586 -81
586 43
586 10
587 9
587 -2
587 -81
587 43
587 10
588 9
588 -2
588 -81
588 43
588 10
589 9
589 -2
589 -81
589 43
589 10
590 9
590 -2
590 -81
590 43
590 10
591 9
591 -2
591 -81
591 43
591 10
592 9
592 -2
592 -81
592 43
592 10
593 9
593 -2
593 -81
593 43
593 10
594 9
594 -2
594 -81
594 43
594 10
595 9
595 -2
595 -81
595 43
595 10
596 9
596 -2
596 -81
596 43
596 10
597 9
597 -2
597 -81
597 43
597 10
598 9
598 -2
598 -81
598 43
598 10
599 9
599 -2
599 -81
599 43
599 10
600 9
600 -2
600 -81
600 43
600 10
601 9
601 -2
601 -81
601 43
601 10
602 9
602 -2
602 -81
602 43
602 10
603 9
603 -2
603 -81
603 43
603 10
604 9
604 -2
604 -81
604 43
604 10
605 9
605 -2
605 -81
605 43
605 10
606 9
606 -2
606 -81
606 43
606 10
607 9
607 -2
607 -81
607 43
607 10
608 9
608 -2
608 -81
608 43
608 10
609 9
609 -2
609 -81
609 43
609 10
610 9
610 -2
610 -81
610 43
610 10
611 9
611 -2
611 -81
611 43
611 10
612 9
612 -2
612 -81
612 43
612 10
613 9
613 -2
613 -81
613 43
613 10
614 9
614 -2
614 -81
614 43
614 10
615 9
615 -2
615 -81
615 43
615 10
616 9
616 -2
616 -81
616 43
616 10
617 9
617 -2
617 -81
617 43
617 10
618 9
618 -2
618 -81
618 43
618 10
619 9
619 -2
619 -81
619 43
619 10
620 9
620 -2
620 -81
620 43
620 10
621 9
621 -2
621 -81
621 43
621 10
622 9
622 -2
622 -81
622 43
622 10
623 9
623 -2
623 -81
623 43
623 10
624 9
624 -2
624 -81
624 43
624 10
625 9
625 -2
625 -81
625 43
625 10
626 9
626 -2
626 -81
626 43
626 10
627 9
627 -2
627 -81
627 43
627 10
628 9
628 -2
628 -81
628 43
628 10
629 9
629 -2
629 -81
629 43
629 10
630 9
630 -2
630 -81
630 43
630 10
631 9
631 -2
631 -81
631 43
631 10
632 9
632 -2
632 -81
632 43
632 10
633 9
633 -2
633 -81
633 43
633 10
634 9
634 -2
634 -81
634 43
634 10
635 9
635 -2
635 -81
635 43
635 10
636 9
636 -2
636 -81
636 43
636 10
637 9
637 -2
637 -81
637 43
637 10
638 9
638 -2
638 -81
638 43
638 10
639 9
639 -2
639 -81
639 43
639 10
640 9
640 -2
640 -81
640 43
640 10
641 9
641 -2
641 -81
641 43
641 10
642 9
642 -2
642 -81
642 43
642 10
643 9
643 -2
643 -81
643 43
643 10
644 9
644 -2
644 -81
644 43
644 10
645 9
645 -2
645 -81
645 43
645 10
646 9
646 -2
646 -81
646 43
646 10
647 9
647 -2
647 -81
647 43
647 10
648 9
648 -2
648 -81
648 43
648 10
649 9
649 -2
649 -81
649 43
649 10
650 9
650 -2
650 -81
650 43
650 10
651 9
651 -2
651 -81
651 43
651 10
652 9
652 -2
652 -81
652 43
652 10
653 9
653 -2
653 -81
653 43
653 10
654 9
654 -2
654 -81
654 43
654 10
655 9
655 -2
655 -81
655 43
655 10
656 9
656 -2
656 -81
656 43
656 10
657 9
657 -2
657 -81
657 43
657 10
658 9
658 -2
658 -81
658 43
658 10
659 9
659 -2
659 -81
659 43
659 10
660 9
660 -2
660 -81
660 43
660 10
661 9
661 -2
661 -81
661 43
661 10
662 9
662 -2
662 -81
662 43
662 10
663 9
663 -2
663 -81
663 43
663 10
664 9
664 -2
664 -81
664 43
664 10
665 9
665 -2
665 -81
665 43
665 10
666 9
666 -2
666 -81
666 43
666 10
667 9
667 -2
667 -81
667 43
667 10
668 9
668 -2
668 -81
668 43
668 10
669 9
669 -2
669 -81
669 43
669 10
670 9
670 -2
670 -81
670 43
670 10
671 9
671 -2
671 -81
671 43
671 10
672 9
672 -2
672 -81
672 43
672 10
673 9
673 -2
673 -81
673 43
673 10
674 9
674 -2
674 -81
674 43
674 10
675 9
675 -2
675 -81
675 43
675 10
676 9
676 -2
676 -81
676 43
676 10
677 9
677 -2
677 -81
677 43
677 10
678 9
678 -2
678 -81
678 43
678 10
679 9
679 -2
679 -81
679 43
679 10
680 9
680 -2
680 -81
680 43
680 10
681 9
681 -2
681 -81
681 43
681 10
682 9
682 -2
682 -81
682 43
682 10
683 9
683 -2
683 -81
683 43
683 10
684 9
684 -2
684 -81
684 43
684 10
685 9
685 -2
685 -81
685 43
685 10
686 9
686 -2
686 -81
686 43
686 10
687 9
687 -2
687 -81
687 43
687 10
688 9
688 -2
688 -81
688 43
688 10
689 9
689 -2
689 -81
689 43
689 10
690 9
690 -2
690 -81
690 43
690 10
691 9
691 -2
691 -81
691 43
691 10
692 9
692 -2
692 -81
692 43
692 10
693 9
693 -2
693 -81
693 43
693 10
694 9
694 -2
694 -81
694 43
694 10
695 9
695 -2
695 -81
695 43
695 10
696 9
696 -2
696 -81
696 43
696 10
697 9
697 -2
697 -81
697 43
697 10
698 9
698 -2
698 -81
698 43
698 10
699 9
699 -2
699 -81
699 43
699 10
700 9
700 -2
700 -81
700 43
700 10
701 9
701 -2
701 -81
701 43
701 10
702 9
702 -2
702 -81
702 43
702 10
703 9
703 -2
703 -81
703 43
703 10
704 9
704 -2
704 -81
704 43
704 10
705 9
705 -2
705 -81
705 43
705 10
706 9
706 -2
706 -81
706 43
706 10
707 9
707 -2
707 -81
707 43
707 10
708 9
708 -2
708 -81
708 43
708 10
709 9
709 -2
709 -81
709 43
709 10
710 9
710 -2
710 -81
710 43
710 10
711 9
711 -2
711 -81
711 43
711 10
712 9
712 -2
712 -81
712 43
712 10
713 9
713 -2
713 -81
713 43
713 10
714 9
714 -2
714 -81
714 43
714 10
715 9
715 -2
715 -81
715 43
715 10
716 9
716 -2
716 -81
716 43
716 10
717 9
717 -2
717 -81
717 43
717 10
718 9
718 -2
718 -81
718 43
718 10
719 9
719 -2
719 -81
719 43
719 10
720 9
720 -2
720 -81
720 43
720 10
721 9
721 -2
721 -81
721 43
721 10
722 9
722 -2
722 -81
722 43
722 10
723 9
723 -2
723 -81
723 43
723 10
724 9
724 -2
724 -81
724 43
724 10
725 9
725 -2
725 -81
725 43
725 10
726 9
726 -2
726 -81
726 43
726 10
727 9
727 -2
727 -81
727 43
727 10
728 9
728 -2
728 -81
728 43
728 10
729 9
729 -2
729 -81
729 43
729 10
730 9
730 -2
730 -81
730 43
730 10
731 9
731 -2
731 -81
731 43
731 10
732 9
732 -2
732 -81
732 43
732 10
733 9
733 -2
733 -81
733 43
733 10
734 9
734 -2
734 -81
734 43
734 10
735 9
735 -2
735 -81
735 43
735 10
736 9
736 -2
736 -81
736 43
736 10
737 9
737 -2
737 -81
737 43
737 10
738 9
738 -2
738 -81
738 43
738 10
739 9
739 -2
739 -81
739 43
739 10
740 9
740 -2
740 -81
740 43
740 10
741 9
741 -2
741 -81
741 43
741 10
742 9
742 -2
742 -81
742 43
742 10
743 9
743 -2
743 -81
743 43
743 10
744 9
744 -2
744 -81
744 43
744 10
745 9
745 -2
745 -81
745 43
745 10
746 9
746 -2
746 -81
746 43
746 10
747 9
747 -2
747 -81
747 43
747 10
748 9
748 -2
748 -81
748 43
748 10
749 9
749 -2
749 -81
749 43
749 10
750 9
750 -2
750 -81
750 43
750 10
751 9
751 -2
751 -81
751 43
751 10
752 9
752 -2
752 -81
752 43
752 10
753 9
753 -2
753 -81
753 43
753 10
754 9
754 -2
754 -81
754 43
754 10
755 9
755 -2
755 -81
755 43
755 10
756 9
756 -2
756 -81
756 43
756 10
757 9
757 -2
757 -81
757 43
757 10
758 9
758 -2
758 -81
758 43
758 10
759 9
759 -2
759 -81
759 43
759 10
760 9
760 -2
760 -81
760 43
760 10
761 9
761 -2
761 -81
761 43
761 10
762 9
762 -2
762 -81
762 43
762 10
763 9
763 -2
763 -81
763 43
763 10
764 9
764 -2
764 -81
764 43
764 10
765 9
765 -2
765 -81
765 43
765 10
766 9
766 -2
766 -81
766 43
766 10
767 9
767 -2
767 -81
767 43
767 10
768 9
768 -2
768 -81
768 43
768 10
769 9
769 -2
769 -81
769 43
769 10
770 9
770 -2
770 -81
770 43
770 10
771 9
771 -2
771 -81
771 43
771 10
772 9
772 -2
772 -81
772 43
772 10
773 9
773 -2
773 -81
773 43
773 10
774 9
774 -2
774 -81
774 43
774 10
775 9
775 -2
775 -81
775 43
775 10
776 9
776 -2
776 -81
776 43
776 10
777 9
777 -2
777 -81
777 43
777 10
778 9
778 -2
778 -81
778 43
778 10
779 9
779 -2
779 -81
779 43
779 10
780 9
780 -2
780 -81
780 43
780 10
781 9
781 -2
781 -81
781 43
781 10
782 9
782 -2
782 -81
782 43
782 10
783 9
783 -2
783 -81
783 43
783 10
784 9
784 -2
784 -81
784 43
784 10
785 9
785 -2
785 -81
785 43
785 10
786 9
786 -2
786 -81
786 43
786 10
787 9
787 -2
787 -81
787 43
787 10
788 9
788 -2
788 -81
788 43
788 10
789 9
789 -2
789 -81
789 43
789 10
790 9
790 -2
790 -81
790 43
790 10
791 9
791 -2
791 -81
791 43
791 10
792 9
792 -2
792 -81
792 43
792 10
793 9
793 -2
793 -81
793 43
793 10
794 9
794 -2
794 -81
794 43
794 10
795 9
795 -2
795 -81
795 43
795 10
796 9
796 -2
796 -81
796 43
796 10
797 9
797 -2
797 -81
797 43
797 10
798 9
798 -2
798 -81
798 43
798 10
799 9
799 -2
799 -81
799 43
799 10
800 9
800 -2
800 -81
800 43
800 10
801 9
801 -2
801 -81
801 43
801 10
802 9
802 -2
802 -81
802 43
802 10
803 9
803 -2
803 -81
803 43
803 10
804 9
804 -2
804 -81
804 43
804 10
805 9
805 -2
805 -81
805 43
805 10
806 9
806 -2
806 -81
806 43
806 10
807 9
807 -2
807 -81
807 43
807 10
808 9
808 -2
808 -81
808 43
808 10
809 9
809 -2
809 -81
809 43
809 10
810 9
810 -2
810 -81
810 43
810 10
811 9
811 -2
811 -81
811 43
811 10
812 9
812 -2
812 -81
812 43
812 10
813 9
813 -2
813 -81
813 43
813 10
814 9
814 -2
814 -81
814 43
814 10
815 9
815 -2
815 -81
815 43
815 10
816 9
816 -2
816 -81
816 43
816 10
817 9
817 -2
817 -81
817 43
817 10
818 9
818 -2
818 -81
818 43
818 10
819 9
819 -2
819 -81
819 43
819 10
820 9
820 -2
820 -81
820 43
820 10
821 9
821 -2
821 -81
821 43
821 10
822 9
822 -2
822 -81
822 43
822 10
823 9
823 -2
823 -81
823 43
823 10
824 9
824 -2
824 -81
824 43
824 10
825 9
825 -2
825 -81
825 43
825 10
826 9
826 -2
826 -81
826 43
826 10
827 9
827 -2
827 -81
827 43
827 10
828 9
828 -2
828 -81
828 43
828 10
829 9
829 -2
829 -81
829 43
829 10
830 9
830 -2
830 -81
830 43
830 10
831 9
831 -2
831 -81
831 43
831 10
832 9
832 -2
832 -81
832 43
832 10
833 9
833 -2
833 -81
833 43
833 10
834 9
834 -2
834 -81
834 43
834 10
835 9
835 -2
835 -81
835 43
835 10
836 9
836 -2
836 -81
836 43
836 10
837 9
837 -2
837 -81
837 43
837 10
838 9
838 -2
838 -81
838 43
838 10
839 9
839 -2
839 -81
839 43
839 10
840 9
840 -2
840 -81
840 43
840 10
841 9
841 -2
841 -81
841 43
841 10
842 9
842 -2
842 -81
842 43
842 10
843 9
843 -2
843 -81
843 43
843 10
844 9
844 -2
844 -81
844 43
844 10
845 9
845 -2
845 -81
845 43
845 10
846 9
846 -2
846 -81
846 43
846 10
847 9
847 -2
847 -81
847 43
847 10
848 9
848 -2
848 -81
848 43
848 10
849 9
849 -2
849 -81
849 43
849 10
850 9
850 -2
850 -81
850 43
850 10
851 9
851 -2
851 -81
851 43
851 10
852 9
852 -2
852 -81
852 43
852 10
853 9
853 -2
853 -81
853 43
853 10
854 9
854 -2
854 -81
854 43
854 10
855 9
855 -2
855 -81
855 43
855 10
856 9
856 -2
856 -81
856 43
856 10
857 9
857 -2
857 -81
857 43
857 10
858 9
858 -2
858 -81
858 43
858 10
859 9
859 -2
859 -81
859 43
859 10
860 9
860 -2
860 -81
860 43
860 10
861 9
861 -2
861 -81
861 43
861 10
862 9
862 -2
862 -81
862 43
862 10
863 9
863 -2
863 -81
863 43
863 10
864 9
864 -2
864 -81
864 43
864 10
865 9
865 -2
865 -81
865 43
865 10
866 9
866 -2
866 -81
866 43
866 10
867 9
867 -2
867 -81
867 43
867 10
868 9
868 -2
868 -81
868 43
868 10
869 9
869 -2
869 -81
869 43
869 10
870 9
870 -2
870 -81
870 43
870 10
871 9
871 -2
871 -81
871 43
871 10
872 9
872 -2
872 -81
872 43
872 10
873 9
873 -2
873 -81
873 43
873 10
874 9
874 -2
874 -81
874 43
874 10
875 9
875 -2
875 -81
875 43
875 10
876 9
876 -2
876 -81
876 43
876 10
877 9
877 -2
877 -81
877 43
877 10
878 9
878 -2
878 -81
878 43
878 10
879 9
879 -2
879 -81
879 43
879 10
880 9
880 -2
880 -81
880 43
880 10
881 9
881 -2
881 -81
881 43
881 10
882 9
882 -2
882 -81
882 43
882 10
883 9
883 -2
883 -81
883 43
883 10
884 9
884 -2
884 -81
884 43
884 10
885 9
885 -2
885 -81
885 43
885 10
886 9
886 -2
886 -81
886 43
886 10
887 9
887 -2
887 -81
887 43
887 10
888 9
888 -2
888 -81
888 43
888 10
889 9
889 -2
889 -81
889 43
889 10
890 9
890 -2
890 -81
890 43
890 10
891 9
891 -2
891 -81
891 43
891 10
892 9
892 -2
892 -81
892 43
892 10
893 9
893 -2
893 -81
893 43
893 10
894 9
894 -2
894 -81
894 43
894 10
895 9
895 -2
895 -81
895 43
895 10
896 9
896 -2
896 -81
896 43
896 10
897 9
897 -2
897 -81
897 43
897 10
898 9
898 -2
898 -81
898 43
898 10
899 9
899 -2
899 -81
899 43
899 10
900 9
900 -2
900 -81
900 43
900 10
901 9
901 -2
901 -81
901 43
901 10
902 9
902 -2
902 -81
902 43
902 10
903 9
903 -2
903 -81
903 43
903 10
904 9
904 -2
904 -81
904 43
904 10
905 9
905 -2
905 -81
905 43
905 10
906 9
906 -2
906 -81
906 43
906 10
907 9
907 -2
907 -81
907 43
907 10
908 9
908 -2
908 -81
908 43
908 10
909 9
909 -2
909 -81
909 43
909 10
910 9
910 -2
910 -81
910 43
910 10
911 9
911 -2
911 -81
911 43
911 10
912 9
912 -2
912 -81
912 43
912 10
913 9
913 -2
913 -81
913 43
913 10
914 9
914 -2
914 -81
914 43
914 10
915 9
915 -2
915 -81
915 43
915 10
916 9
916 -2
916 -81
916 43
916 10
917 9
917 -2
917 -81
917 43
917 10
918 9
918 -2
918 -81
918 43
918 10
919 9
919 -2
919 -81
919 43
919 10
920 9
920 -2
920 -81
920 43
920 10
921 9
921 -2
921 -81
921 43
921 10
922 9
922 -2
922 -81
922 43
922 10
923 9
923 -2
923 -81
923 43
923 10
924 9
924 -2
924 -81
924 43
924 10
925 9
925 -2
925 -81
925 43
925 10
926 9
926 -2
926 -81
926 43
926 10
927 9
927 -2
927 -81
927 43
927 10
928 9
928 -2
928 -81
928 43
928 10
929 9
929 -2
929 -81
929 43
929 10
930 9
930 -2
930 -81
930 43
930 10
931 9
931 -2
931 -81
931 43
931 10
932 9
932 -2
932 -81
932 43
932 10
933 9
933 -2
933 -81
933 43
933 10
934 9
934 -2
934 -81
934 43
934 10
935 9
935 -2
935 -81
935 43
935 10
936 9
936 -2
936 -81
936 43
936 10
937 9
937 -2
937 -81
937 43
937 10
938 9
938 -2
938 -81
938 43
938 10
939 9
939 -2
939 -81
939 43
939 10
940 9
940 -2
940 -81
940 43
940 10
941 9
941 -2
941 -81
941 43
941 10
942 9
942 -2
942 -81
942 43
942 10
943 9
943 -2
943 -81
943 43
943 10
944 9
944 -2
944 -81
944 43
944 10
945 9
945 -2
945 -81
945 43
945 10
946 9
946 -2
946 -81
946 43
946 10
947 9
947 -2
947 -81
947 43
947 10
948 9
948 -2
948 -81
948 43
948 10
949 9
949 -2
949 -81
949 43
949 10
950 9
950 -2
950 -81
950 43
950 10
951 9
951 -2
951 -81
951 43
951 10
952 9
952 -2
952 -81
952 43
952 10
953 9
953 -2
953 -81
953 43
953 10
954 9
954 -2
954 -81
954 43
954 10
955 9
955 -2
955 -81
955 43
955 10
956 9
956 -2
956 -81
956 43
956 10
957 9
957 -2
957 -81
957 43
957 10
958 9
958 -2
958 -81
958 43
958 10
959 9
959 -2
959 -81
959 43
959 10
960 9
960 -2
960 -81
960 43
960 10
961 9
961 -2
961 -81
961 43
961 10
962 9
962 -2
962 -81
962 43
962 10
963 9
963 -2
963 -81
963 43
963 10
964 9
964 -2
964 -81
964 43
964 10
965 9
965 -2
965 -81
965 43
965 10
966 9
966 -2
966 -81
966 43
966 10
967 9
967 -2
967 -81
967 43
967 10
968 9
968 -2
968 -81
968 43
968 10
969 9
969 -2
969 -81
969 43
969 10
970 9
970 -2
970 -81
970 43
970 10
971 9
971 -2
971 -81
971 43
971 10
972 9
972 -2
972 -81
972 43
972 10
973 9
973 -2
973 -81
973 43
973 10
974 9
974 -2
974 -81
974 43
974 10
975 9
975 -2
975 -81
975 43
975 10
976 9
976 -2
976 -81
976 43
976 10
977 9
977 -2
977 -81
977 43
977 10
978 9
978 -2
978 -81
978 43
978 10
979 9
979 -2
979 -81
979 43
979 10
980 9
980 -2
980 -81
980 43
980 10
981 9
981 -2
981 -81
981 43
981 10
982 9
982 -2
982 -81
982 43
982 10
983 9
983 -2
983 -81
983 43
983 10
984 9
984 -2
984 -81
984 43
984 10
985 9
985 -2
985 -81
985 43
985 10
986 9
986 -2
986 -81
986 43
986 10
987 9
987 -2
987 -81
987 43
987 10
988 9
988 -2
988 -81
988 43
988 10
989 9
989 -2
989 -81
989 43
989 10
990 9
990 -2
990 -81
990 43
990 10
991 9
991 -2
991 -81
991 43
991 10
992 9
992 -2
992 -81
992 43
992 10
993 9
993 -2
993 -81
993 43
993 10
994 9
994 -2
994 -81
994 43
994 10
995 9
995 -2
995 -81
995 43
995 10
996 9
996 -2
996 -81
996 43
996 10
997 9
997 -2
997 -81
997 43
997 10
998 9
998 -2
998 -81
998 43
998 10
999 9
999 -2
999 -81
999 43
999 10
