-98.7777777777778
-100
-99.0246913580247
-98.953488372093
-98.8
-97.7777777777778
-99
-98.0246913580247
-97.953488372093
-97.8
-96.7777777777778
-98
-97.0246913580247
-96.953488372093
-96.8
-95.7777777777778
-97
-96.0246913580247
-95.953488372093
-95.8
-94.7777777777778
-96
-95.0246913580247
-94.953488372093
-94.8
-93.7777777777778
-95
-94.0246913580247
-93.953488372093
-93.8
-92.7777777777778
-94
-93.0246913580247
-92.953488372093
-92.8
-91.7777777777778
-93
-92.0246913580247
-91.953488372093
-91.8
-90.7777777777778
-92
-91.0246913580247
-90.953488372093
-90.8
-89.7777777777778
-91
-90.0246913580247
-89.953488372093
-89.8
-88.7777777777778
-90
-89.0246913580247
-88.953488372093
-88.8
-87.7777777777778
-89
-88.0246913580247
-87.953488372093
-87.8
-86.7777777777778
-88
-87.0246913580247
-86.953488372093
-86.8
-85.7777777777778
-87
-86.0246913580247
-85.953488372093
-85.8
-84.7777777777778
-86
-85.0246913580247
-84.953488372093
-84.8
-83.7777777777778
-85
-84.0246913580247
-83.953488372093
-83.8
-82.7777777777778
-84
-83.0246913580247
-82.953488372093
-82.8
-81.7777777777778
-83
-82.0246913580247
-81.953488372093
-81.8
-80.7777777777778
-82
-81.0246913580247
-80.953488372093
-80.8
-79.7777777777778
-81
-80.0246913580247
-79.953488372093
-79.8
-78.7777777777778
-80
-79.0246913580247
-78.953488372093
-78.8
-77.7777777777778
-79
-78.0246913580247
-77.953488372093
-77.8
-76.7777777777778
-78
-77.0246913580247
-76.953488372093
-76.8
-75.7777777777778
-77
-76.0246913580247
-75.953488372093
-75.8
-74.7777777777778
-76
-75.0246913580247
-74.953488372093
-74.8
-73.7777777777778
-75
-74.0246913580247
-73.953488372093
-73.8
-72.7777777777778
-74
-73.0246913580247
-72.953488372093
-72.8
-71.7777777777778
-73
-72.0246913580247
-71.953488372093
-71.8
-70.7777777777778
-72
-71.0246913580247
-70.953488372093
-70.8
-69.7777777777778
-71
-70.0246913580247
-69.953488372093
-69.8
-68.7777777777778
-70
-69.0246913580247
-68.953488372093
-68.8
-67.7777777777778
-69
-68.0246913580247
-67.953488372093
-67.8
-66.7777777777778
-68
-67.0246913580247
-66.953488372093
-66.8
-65.7777777777778
-67
-66.0246913580247
-65.953488372093
-65.8
-64.7777777777778
-66
-65.0246913580247
-64.953488372093
-64.8
-63.7777777777778
-65
-64.0246913580247
-63.953488372093
-63.8
-62.7777777777778
-64
-63.0246913580247
-62.953488372093
-62.8
-61.7777777777778
-63
-62.0246913580247
-61.953488372093
-61.8
-60.7777777777778
-62
-61.0246913580247
-60.953488372093
-60.8
-59.7777777777778
-61
-60.0246913580247
-59.953488372093
-59.8
-58.7777777777778
-60
-59.0246913580247
-58.953488372093
-58.8
-57.7777777777778
-59
-58.0246913580247
-57.953488372093
-57.8
-56.7777777777778
-58
-57.0246913580247
-56.953488372093
-56.8
-55.7777777777778
-57
-56.0246913580247
-55.953488372093
-55.8
-54.7777777777778
-56
-55.0246913580247
-54.953488372093
-54.8
-53.7777777777778
-55
-54.0246913580247
-53.953488372093
-53.8
-52.7777777777778
-54
-53.0246913580247
-52.953488372093
-52.8
-51.7777777777778
-53
-52.0246913580247
-51.953488372093
-51.8
-50.7777777777778
-52
-51.0246913580247
-50.953488372093
-50.8
-49.7777777777778
-51
-50.0246913580247
-49.953488372093
-49.8
-48.7777777777778
-50
-49.0246913580247
-48.953488372093
-48.8
-47.7777777777778
-49
-48.0246913580247
-47.953488372093
-47.8
-46.7777777777778
-48
-47.0246913580247
-46.953488372093
-46.8
-45.7777777777778
-47
-46.0246913580247
-45.953488372093
-45.8
-44.7777777777778
-46
-45.0246913580247
-44.953488372093
-44.8
-43.7777777777778
-45
-44.0246913580247
-43.953488372093
-43.8
-42.7777777777778
-44
-43.0246913580247
-42.953488372093
-42.8
-41.7777777777778
-43
-42.0246913580247
-41.953488372093
-41.8
-40.7777777777778
-42
-41.0246913580247
-40.953488372093
-40.8
-39.7777777777778
-41
-40.0246913580247
-39.953488372093
-39.8
-38.7777777777778
-40
-39.0246913580247
-38.953488372093
-38.8
-37.7777777777778
-39
-38.0246913580247
-37.953488372093
-37.8
-36.7777777777778
-38
-37.0246913580247
-36.953488372093
-36.8
-35.7777777777778
-37
-36.0246913580247
-35.953488372093
-35.8
-34.7777777777778
-36
-35.0246913580247
-34.953488372093
-34.8
-33.7777777777778
-35
-34.0246913580247
-33.953488372093
-33.8
-32.7777777777778
-34
-33.0246913580247
-32.953488372093
-32.8
-31.7777777777778
-33
-32.0246913580247
-31.953488372093
-31.8
-30.7777777777778
-32
-31.0246913580247
-30.953488372093
-30.8
-29.7777777777778
-31
-30.0246913580247
-29.953488372093
-29.8
-28.7777777777778
-30
-29.0246913580247
-28.953488372093
-28.8
-27.7777777777778
-29
-28.0246913580247
-27.953488372093
-27.8
-26.7777777777778
-28
-27.0246913580247
-26.953488372093
-26.8
-25.7777777777778
-27
-26.0246913580247
-25.953488372093
-25.8
-24.7777777777778
-26
-25.0246913580247
-24.953488372093
-24.8
-23.7777777777778
-25
-24.0246913580247
-23.953488372093
-23.8
-22.7777777777778
-24
-23.0246913580247
-22.953488372093
-22.8
-21.7777777777778
-23
-22.0246913580247
-21.953488372093
-21.8
-20.7777777777778
-22
-21.0246913580247
-20.953488372093
-20.8
-19.7777777777778
-21
-20.0246913580247
-19.953488372093
-19.8
-18.7777777777778
-20
-19.0246913580247
-18.953488372093
-18.8
-17.7777777777778
-19
-18.0246913580247
-17.953488372093
-17.8
-16.7777777777778
-18
-17.0246913580247
-16.953488372093
-16.8
-15.7777777777778
-17
-16.0246913580247
-15.953488372093
-15.8
-14.7777777777778
-16
-15.0246913580247
-14.953488372093
-14.8
-13.7777777777778
-15
-14.0246913580247
-13.953488372093
-13.8
-12.7777777777778
-14
-13.0246913580247
-12.953488372093
-12.8
-11.7777777777778
-13
-12.0246913580247
-11.953488372093
-11.8
-10.7777777777778
-12
-11.0246913580247
-10.953488372093
-10.8
-9.77777777777778
-11
-10.0246913580247
-9.95348837209302
-9.8
-8.77777777777778
-10
-9.02469135802469
-8.95348837209302
-8.8
-7.77777777777778
-9
-8.02469135802469
-7.95348837209302
-7.8
-6.77777777777778
-8
-7.02469135802469
-6.95348837209302
-6.8
-5.77777777777778
-7
-6.02469135802469
-5.95348837209302
-5.8
-4.77777777777778
-6
-5.02469135802469
-4.95348837209302
-4.8
-3.77777777777778
-5
-4.02469135802469
-3.95348837209302
-3.8
-2.77777777777778
-4
-3.02469135802469
-2.95348837209302
-2.8
-1.77777777777778
-3
-2.02469135802469
-1.95348837209302
-1.8
-0.777777777777778
-2
-1.02469135802469
-0.953488372093023
-0.8
0.222222222222222
-1
-0.0246913580246914
0.0465116279069767
0.2
1.22222222222222
0
0.975308641975309
1.04651162790698
1.2
2.22222222222222
1
1.97530864197531
2.04651162790698
2.2
3.22222222222222
2
2.97530864197531
3.04651162790698
3.2
4.22222222222222
3
3.97530864197531
4.04651162790698
4.2
5.22222222222222
4
4.97530864197531
5.04651162790698
5.2
6.22222222222222
5
5.97530864197531
6.04651162790698
6.2
7.22222222222222
6
6.97530864197531
7.04651162790698
7.2
8.22222222222222
7
7.97530864197531
8.04651162790698
8.2
9.22222222222222
8
8.97530864197531
9.04651162790698
9.2
10.2222222222222
9
9.97530864197531
10.046511627907
10.2
11.2222222222222
10
10.9753086419753
11.046511627907
11.2
12.2222222222222
11
11.9753086419753
12.046511627907
12.2
13.2222222222222
12
12.9753086419753
13.046511627907
13.2
14.2222222222222
13
13.9753086419753
14.046511627907
14.2
15.2222222222222
14
14.9753086419753
15.046511627907
15.2
16.2222222222222
15
15.9753086419753
16.046511627907
16.2
17.2222222222222
16
16.9753086419753
17.046511627907
17.2
18.2222222222222
17
17.9753086419753
18.046511627907
18.2
19.2222222222222
18
18.9753086419753
19.046511627907
19.2
20.2222222222222
19
19.9753086419753
20.046511627907
20.2
21.2222222222222
20
20.9753086419753
21.046511627907
21.2
22.2222222222222
21
21.9753086419753
22.046511627907
22.2
23.2222222222222
22
22.9753086419753
23.046511627907
23.2
24.2222222222222
23
23.9753086419753
24.046511627907
24.2
25.2222222222222
24
24.9753086419753
25.046511627907
25.2
26.2222222222222
25
25.9753086419753
26.046511627907
26.2
27.2222222222222
26
26.9753086419753
27.046511627907
27.2
28.2222222222222
27
27.9753086419753
28.046511627907
28.2
29.2222222222222
28
28.9753086419753
29.046511627907
29.2
30.2222222222222
29
29.9753086419753
30.046511627907
30.2
31.2222222222222
30
30.9753086419753
31.046511627907
31.2
32.2222222222222
31
31.9753086419753
32.046511627907
32.2
33.2222222222222
32
32.9753086419753
33.046511627907
33.2
34.2222222222222
33
33.9753086419753
34.046511627907
34.2
35.2222222222222
34
34.9753086419753
35.046511627907
35.2
36.2222222222222
35
35.9753086419753
36.046511627907
36.2
37.2222222222222
36
36.9753086419753
37.046511627907
37.2
38.2222222222222
37
37.9753086419753
38.046511627907
38.2
39.2222222222222
38
38.9753086419753
39.046511627907
39.2
40.2222222222222
39
39.9753086419753
40.046511627907
40.2
41.2222222222222
40
40.9753086419753
41.046511627907
41.2
42.2222222222222
41
41.9753086419753
42.046511627907
42.2
43.2222222222222
42
42.9753086419753
43.046511627907
43.2
44.2222222222222
43
43.9753086419753
44.046511627907
44.2
45.2222222222222
44
44.9753086419753
45.046511627907
45.2
46.2222222222222
45
45.9753086419753
46.046511627907
46.2
47.2222222222222
46
46.9753086419753
47.046511627907
47.2
48.2222222222222
47
47.9753086419753
48.046511627907
48.2
49.2222222222222
48
48.9753086419753
49.046511627907
49.2
50.2222222222222
49
49.9753086419753
50.046511627907
50.2
51.2222222222222
50
50.9753086419753
51.046511627907
51.2
52.2222222222222
51
51.9753086419753
52.046511627907
52.2
53.2222222222222
52
52.9753086419753
53.046511627907
53.2
54.2222222222222
53
53.9753086419753
54.046511627907
54.2
55.2222222222222
54
54.9753086419753
55.046511627907
55.2
56.2222222222222
55
55.9753086419753
56.046511627907
56.2
57.2222222222222
56
56.9753086419753
57.046511627907
57.2
58.2222222222222
57
57.9753086419753
58.046511627907
58.2
59.2222222222222
58
58.9753086419753
59.046511627907
59.2
60.2222222222222
59
59.9753086419753
60.046511627907
60.2
61.2222222222222
60
60.9753086419753
61.046511627907
61.2
62.2222222222222
61
61.9753086419753
62.046511627907
62.2
63.2222222222222
62
62.9753086419753
63.046511627907
63.2
64.2222222222222
63
63.9753086419753
64.046511627907
64.2
65.2222222222222
64
64.9753086419753
65.046511627907
65.2
66.2222222222222
65
65.9753086419753
66.046511627907
66.2
67.2222222222222
66
66.9753086419753
67.046511627907
67.2
68.2222222222222
67
67.9753086419753
68.046511627907
68.2
69.2222222222222
68
68.9753086419753
69.046511627907
69.2
70.2222222222222
69
69.9753086419753
70.046511627907
70.2
71.2222222222222
70
70.9753086419753
71.046511627907
71.2
72.2222222222222
71
71.9753086419753
72.046511627907
72.2
73.2222222222222
72
72.9753086419753
73.046511627907
73.2
74.2222222222222
73
73.9753086419753
74.046511627907
74.2
75.2222222222222
74
74.9753086419753
75.046511627907
75.2
76.2222222222222
75
75.9753086419753
76.046511627907
76.2
77.2222222222222
76
76.9753086419753
77.046511627907
77.2
78.2222222222222
77
77.9753086419753
78.046511627907
78.2
79.2222222222222
78
78.9753086419753
79.046511627907
79.2
80.2222222222222
79
79.9753086419753
80.046511627907
80.2
81.2222222222222
80
80.9753086419753
81.046511627907
81.2
82.2222222222222
81
81.9753086419753
82.046511627907
82.2
83.2222222222222
82
82.9753086419753
83.046511627907
83.2
84.2222222222222
83
83.9753086419753
84.046511627907
84.2
85.2222222222222
84
84.9753086419753
85.046511627907
85.2
86.2222222222222
85
85.9753086419753
86.046511627907
86.2
87.2222222222222
86
86.9753086419753
87.046511627907
87.2
88.2222222222222
87
87.9753086419753
88.046511627907
88.2
89.2222222222222
88
88.9753086419753
89.046511627907
89.2
90.2222222222222
89
89.9753086419753
90.046511627907
90.2
91.2222222222222
90
90.9753086419753
91.046511627907
91.2
92.2222222222222
91
91.9753086419753
92.046511627907
92.2
93.2222222222222
92
92.9753086419753
93.046511627907
93.2
94.2222222222222
93
93.9753086419753
94.046511627907
94.2
95.2222222222222
94
94.9753086419753
95.046511627907
95.2
96.2222222222222
95
95.9753086419753
96.046511627907
96.2
97.2222222222222
96
96.9753086419753
97.046511627907
97.2
98.2222222222222
97
97.9753086419753
98.046511627907
98.2
99.2222222222222
98
98.9753086419753
99.046511627907
99.2
100.222222222222
99
99.9753086419753
100.046511627907
100.2
101.222222222222
100
100.975308641975
101.046511627907
101.2
102.222222222222
101
101.975308641975
102.046511627907
102.2
103.222222222222
102
102.975308641975
103.046511627907
103.2
104.222222222222
103
103.975308641975
104.046511627907
104.2
105.222222222222
104
104.975308641975
105.046511627907
105.2
106.222222222222
105
105.975308641975
106.046511627907
106.2
107.222222222222
106
106.975308641975
107.046511627907
107.2
108.222222222222
107
107.975308641975
108.046511627907
108.2
109.222222222222
108
108.975308641975
109.046511627907
109.2
110.222222222222
109
109.975308641975
110.046511627907
110.2
111.222222222222
110
110.975308641975
111.046511627907
111.2
112.222222222222
111
111.975308641975
112.046511627907
112.2
113.222222222222
112
112.975308641975
113.046511627907
113.2
114.222222222222
113
113.975308641975
114.046511627907
114.2
115.222222222222
114
114.975308641975
115.046511627907
115.2
116.222222222222
115
115.975308641975
116.046511627907
116.2
117.222222222222
116
116.975308641975
117.046511627907
117.2
118.222222222222
117
117.975308641975
118.046511627907
118.2
119.222222222222
118
118.975308641975
119.046511627907
119.2
120.222222222222
119
119.975308641975
120.046511627907
120.2
121.222222222222
120
120.975308641975
121.046511627907
121.2
122.222222222222
121
121.975308641975
122.046511627907
122.2
123.222222222222
122
122.975308641975
123.046511627907
123.2
124.222222222222
123
123.975308641975
124.046511627907
124.2
125.222222222222
124
124.975308641975
125.046511627907
125.2
126.222222222222
125
125.975308641975
126.046511627907
126.2
127.222222222222
126
126.975308641975
127.046511627907
127.2
128.222222222222
127
127.975308641975
128.046511627907
128.2
129.222222222222
128
128.975308641975
129.046511627907
129.2
130.222222222222
129
129.975308641975
130.046511627907
130.2
131.222222222222
130
130.975308641975
131.046511627907
131.2
132.222222222222
131
131.975308641975
132.046511627907
132.2
133.222222222222
132
132.975308641975
133.046511627907
133.2
134.222222222222
133
133.975308641975
134.046511627907
134.2
135.222222222222
134
134.975308641975
135.046511627907
135.2
136.222222222222
135
135.975308641975
136.046511627907
136.2
137.222222222222
136
136.975308641975
137.046511627907
137.2
138.222222222222
137
137.975308641975
138.046511627907
138.2
139.222222222222
138
138.975308641975
139.046511627907
139.2
140.222222222222
139
139.975308641975
140.046511627907
140.2
141.222222222222
140
140.975308641975
141.046511627907
141.2
142.222222222222
141
141.975308641975
142.046511627907
142.2
143.222222222222
142
142.975308641975
143.046511627907
143.2
144.222222222222
143
143.975308641975
144.046511627907
144.2
145.222222222222
144
144.975308641975
145.046511627907
145.2
146.222222222222
145
145.975308641975
146.046511627907
146.2
147.222222222222
146
146.975308641975
147.046511627907
147.2
148.222222222222
147
147.975308641975
148.046511627907
148.2
149.222222222222
148
148.975308641975
149.046511627907
149.2
150.222222222222
149
149.975308641975
150.046511627907
150.2
151.222222222222
150
150.975308641975
151.046511627907
151.2
152.222222222222
151
151.975308641975
152.046511627907
152.2
153.222222222222
152
152.975308641975
153.046511627907
153.2
154.222222222222
153
153.975308641975
154.046511627907
154.2
155.222222222222
154
154.975308641975
155.046511627907
155.2
156.222222222222
155
155.975308641975
156.046511627907
156.2
157.222222222222
156
156.975308641975
157.046511627907
157.2
158.222222222222
157
157.975308641975
158.046511627907
158.2
159.222222222222
158
158.975308641975
159.046511627907
159.2
160.222222222222
159
159.975308641975
160.046511627907
160.2
161.222222222222
160
160.975308641975
161.046511627907
161.2
162.222222222222
161
161.975308641975
162.046511627907
162.2
163.222222222222
162
162.975308641975
163.046511627907
163.2
164.222222222222
163
163.975308641975
164.046511627907
164.2
165.222222222222
164
164.975308641975
165.046511627907
165.2
166.222222222222
165
165.975308641975
166.046511627907
166.2
167.222222222222
166
166.975308641975
167.046511627907
167.2
168.222222222222
167
167.975308641975
168.046511627907
168.2
169.222222222222
168
168.975308641975
169.046511627907
169.2
170.222222222222
169
169.975308641975
170.046511627907
170.2
171.222222222222
170
170.975308641975
171.046511627907
171.2
172.222222222222
171
171.975308641975
172.046511627907
172.2
173.222222222222
172
172.975308641975
173.046511627907
173.2
174.222222222222
173
173.975308641975
174.046511627907
174.2
175.222222222222
174
174.975308641975
175.046511627907
175.2
176.222222222222
175
175.975308641975
176.046511627907
176.2
177.222222222222
176
176.975308641975
177.046511627907
177.2
178.222222222222
177
177.975308641975
178.046511627907
178.2
179.222222222222
178
178.975308641975
179.046511627907
179.2
180.222222222222
179
179.975308641975
180.046511627907
180.2
181.222222222222
180
180.975308641975
181.046511627907
181.2
182.222222222222
181
181.975308641975
182.046511627907
182.2
183.222222222222
182
182.975308641975
183.046511627907
183.2
184.222222222222
183
183.975308641975
184.046511627907
184.2
185.222222222222
184
184.975308641975
185.046511627907
185.2
186.222222222222
185
185.975308641975
186.046511627907
186.2
187.222222222222
186
186.975308641975
187.046511627907
187.2
188.222222222222
187
187.975308641975
188.046511627907
188.2
189.222222222222
188
188.975308641975
189.046511627907
189.2
190.222222222222
189
189.975308641975
190.046511627907
190.2
191.222222222222
190
190.975308641975
191.046511627907
191.2
192.222222222222
191
191.975308641975
192.046511627907
192.2
193.222222222222
192
192.975308641975
193.046511627907
193.2
194.222222222222
193
193.975308641975
194.046511627907
194.2
195.222222222222
194
194.975308641975
195.046511627907
195.2
196.222222222222
195
195.975308641975
196.046511627907
196.2
197.222222222222
196
196.975308641975
197.046511627907
197.2
198.222222222222
197
197.975308641975
198.046511627907
198.2
199.222222222222
198
198.975308641975
199.046511627907
199.2
200.222222222222
199
199.975308641975
200.046511627907
200.2
201.222222222222
200
200.975308641975
201.046511627907
201.2
202.222222222222
201
201.975308641975
202.046511627907
202.2
203.222222222222
202
202.975308641975
203.046511627907
203.2
204.222222222222
203
203.975308641975
204.046511627907
204.2
205.222222222222
204
204.975308641975
205.046511627907
205.2
206.222222222222
205
205.975308641975
206.046511627907
206.2
207.222222222222
206
206.975308641975
207.046511627907
207.2
208.222222222222
207
207.975308641975
208.046511627907
208.2
209.222222222222
208
208.975308641975
209.046511627907
209.2
210.222222222222
209
209.975308641975
210.046511627907
210.2
211.222222222222
210
210.975308641975
211.046511627907
211.2
212.222222222222
211
211.975308641975
212.046511627907
212.2
213.222222222222
212
212.975308641975
213.046511627907
213.2
214.222222222222
213
213.975308641975
214.046511627907
214.2
215.222222222222
214
214.975308641975
215.046511627907
215.2
216.222222222222
215
215.975308641975
216.046511627907
216.2
217.222222222222
216
216.975308641975
217.046511627907
217.2
218.222222222222
217
217.975308641975
218.046511627907
218.2
219.222222222222
218
218.975308641975
219.046511627907
219.2
220.222222222222
219
219.975308641975
220.046511627907
220.2
221.222222222222
220
220.975308641975
221.046511627907
221.2
222.222222222222
221
221.975308641975
222.046511627907
222.2
223.222222222222
222
222.975308641975
223.046511627907
223.2
224.222222222222
223
223.975308641975
224.046511627907
224.2
225.222222222222
224
224.975308641975
225.046511627907
225.2
226.222222222222
225
225.975308641975
226.046511627907
226.2
227.222222222222
226
226.975308641975
227.046511627907
227.2
228.222222222222
227
227.975308641975
228.046511627907
228.2
229.222222222222
228
228.975308641975
229.046511627907
229.2
230.222222222222
229
229.975308641975
230.046511627907
230.2
231.222222222222
230
230.975308641975
231.046511627907
231.2
232.222222222222
231
231.975308641975
232.046511627907
232.2
233.222222222222
232
232.975308641975
233.046511627907
233.2
234.222222222222
233
233.975308641975
234.046511627907
234.2
235.222222222222
234
234.975308641975
235.046511627907
235.2
236.222222222222
235
235.975308641975
236.046511627907
236.2
237.222222222222
236
236.975308641975
237.046511627907
237.2
238.222222222222
237
237.975308641975
238.046511627907
238.2
239.222222222222
238
238.975308641975
239.046511627907
239.2
240.222222222222
239
239.975308641975
240.046511627907
240.2
241.222222222222
240
240.975308641975
241.046511627907
241.2
242.222222222222
241
241.975308641975
242.046511627907
242.2
243.222222222222
242
242.975308641975
243.046511627907
243.2
244.222222222222
243
243.975308641975
244.046511627907
244.2
245.222222222222
244
244.975308641975
245.046511627907
245.2
246.222222222222
245
245.975308641975
246.046511627907
246.2
247.222222222222
246
246.975308641975
247.046511627907
247.2
248.222222222222
247
247.975308641975
248.046511627907
248.2
249.222222222222
248
248.975308641975
249.046511627907
249.2
250.222222222222
249
249.975308641975
250.046511627907
250.2
251.222222222222
250
250.975308641975
251.046511627907
251.2
252.222222222222
251
251.975308641975
252.046511627907
252.2
253.222222222222
252
252.975308641975
253.046511627907
253.2
254.222222222222
253
253.975308641975
254.046511627907
254.2
255.222222222222
254
254.975308641975
255.046511627907
255.2
256.222222222222
255
255.975308641975
256.046511627907
256.2
257.222222222222
256
256.975308641975
257.046511627907
257.2
258.222222222222
257
257.975308641975
258.046511627907
258.2
259.222222222222
258
258.975308641975
259.046511627907
259.2
260.222222222222
259
259.975308641975
260.046511627907
260.2
261.222222222222
260
260.975308641975
261.046511627907
261.2
262.222222222222
261
261.975308641975
262.046511627907
262.2
263.222222222222
262
262.975308641975
263.046511627907
263.2
264.222222222222
263
263.975308641975
264.046511627907
264.2
265.222222222222
264
264.975308641975
265.046511627907
265.2
266.222222222222
265
265.975308641975
266.046511627907
266.2
267.222222222222
266
266.975308641975
267.046511627907
267.2
268.222222222222
267
267.975308641975
268.046511627907
268.2
269.222222222222
268
268.975308641975
269.046511627907
269.2
270.222222222222
269
269.975308641975
270.046511627907
270.2
271.222222222222
270
270.975308641975
271.046511627907
271.2
272.222222222222
271
271.975308641975
272.046511627907
272.2
273.222222222222
272
272.975308641975
273.046511627907
273.2
274.222222222222
273
273.975308641975
274.046511627907
274.2
275.222222222222
274
274.975308641975
275.046511627907
275.2
276.222222222222
275
275.975308641975
276.046511627907
276.2
277.222222222222
276
276.975308641975
277.046511627907
277.2
278.222222222222
277
277.975308641975
278.046511627907
278.2
279.222222222222
278
278.975308641975
279.046511627907
279.2
280.222222222222
279
279.975308641975
280.046511627907
280.2
281.222222222222
280
280.975308641975
281.046511627907
281.2
282.222222222222
281
281.975308641975
282.046511627907
282.2
283.222222222222
282
282.975308641975
283.046511627907
283.2
284.222222222222
283
283.975308641975
284.046511627907
284.2
285.222222222222
284
284.975308641975
285.046511627907
285.2
286.222222222222
285
285.975308641975
286.046511627907
286.2
287.222222222222
286
286.975308641975
287.046511627907
287.2
288.222222222222
287
287.975308641975
288.046511627907
288.2
289.222222222222
288
288.975308641975
289.046511627907
289.2
290.222222222222
289
289.975308641975
290.046511627907
290.2
291.222222222222
290
290.975308641975
291.046511627907
291.2
292.222222222222
291
291.975308641975
292.046511627907
292.2
293.222222222222
292
292.975308641975
293.046511627907
293.2
294.222222222222
293
293.975308641975
294.046511627907
294.2
295.222222222222
294
294.975308641975
295.046511627907
295.2
296.222222222222
295
295.975308641975
296.046511627907
296.2
297.222222222222
296
296.975308641975
297.046511627907
297.2
298.222222222222
297
297.975308641975
298.046511627907
298.2
299.222222222222
298
298.975308641975
299.046511627907
299.2
300.222222222222
299
299.975308641975
300.046511627907
300.2
301.222222222222
300
300.975308641975
301.046511627907
301.2
302.222222222222
301
301.975308641975
302.046511627907
302.2
303.222222222222
302
302.975308641975
303.046511627907
303.2
304.222222222222
303
303.975308641975
304.046511627907
304.2
305.222222222222
304
304.975308641975
305.046511627907
305.2
306.222222222222
305
305.975308641975
306.046511627907
306.2
307.222222222222
306
306.975308641975
307.046511627907
307.2
308.222222222222
307
307.975308641975
308.046511627907
308.2
309.222222222222
308
308.975308641975
309.046511627907
309.2
310.222222222222
309
309.975308641975
310.046511627907
310.2
311.222222222222
310
310.975308641975
311.046511627907
311.2
312.222222222222
311
311.975308641975
312.046511627907
312.2
313.222222222222
312
312.975308641975
313.046511627907
313.2
314.222222222222
313
313.975308641975
314.046511627907
314.2
315.222222222222
314
314.975308641975
315.046511627907
315.2
316.222222222222
315
315.975308641975
316.046511627907
316.2
317.222222222222
316
316.975308641975
317.046511627907
317.2
318.222222222222
317
317.975308641975
318.046511627907
318.2
319.222222222222
318
318.975308641975
319.046511627907
319.2
320.222222222222
319
319.975308641975
320.046511627907
320.2
321.222222222222
320
320.975308641975
321.046511627907
321.2
322.222222222222
321
321.975308641975
322.046511627907
322.2
323.222222222222
322
322.975308641975
323.046511627907
323.2
324.222222222222
323
323.975308641975
324.046511627907
324.2
325.222222222222
324
324.975308641975
325.046511627907
325.2
326.222222222222
325
325.975308641975
326.046511627907
326.2
327.222222222222
326
326.975308641975
327.046511627907
327.2
328.222222222222
327
327.975308641975
328.046511627907
328.2
329.222222222222
328
328.975308641975
329.046511627907
329.2
330.222222222222
329
329.975308641975
330.046511627907
330.2
331.222222222222
330
330.975308641975
331.046511627907
331.2
332.222222222222
331
331.975308641975
332.046511627907
332.2
333.222222222222
332
332.975308641975
333.046511627907
333.2
334.222222222222
333
333.975308641975
334.046511627907
334.2
335.222222222222
334
334.975308641975
335.046511627907
335.2
336.222222222222
335
335.975308641975
336.046511627907
336.2
337.222222222222
336
336.975308641975
337.046511627907
337.2
338.222222222222
337
337.975308641975
338.046511627907
338.2
339.222222222222
338
338.975308641975
339.046511627907
339.2
340.222222222222
339
339.975308641975
340.046511627907
340.2
341.222222222222
340
340.975308641975
341.046511627907
341.2
342.222222222222
341
341.975308641975
342.046511627907
342.2
343.222222222222
342
342.975308641975
343.046511627907
343.2
344.222222222222
343
343.975308641975
344.046511627907
344.2
345.222222222222
344
344.975308641975
345.046511627907
345.2
346.222222222222
345
345.975308641975
346.046511627907
346.2
347.222222222222
346
346.975308641975
347.046511627907
347.2
348.222222222222
347
347.975308641975
348.046511627907
348.2
349.222222222222
348
348.975308641975
349.046511627907
349.2
350.222222222222
349
349.975308641975
350.046511627907
350.2
351.222222222222
350
350.975308641975
351.046511627907
351.2
352.222222222222
351
351.975308641975
352.046511627907
352.2
353.222222222222
352
352.975308641975
353.046511627907
353.2
354.222222222222
353
353.975308641975
354.046511627907
354.2
355.222222222222
354
354.975308641975
355.046511627907
355.2
356.222222222222
355
355.975308641975
356.046511627907
356.2
357.222222222222
356
356.975308641975
357.046511627907
357.2
358.222222222222
357
357.975308641975
358.046511627907
358.2
359.222222222222
358
358.975308641975
359.046511627907
359.2
360.222222222222
359
359.975308641975
360.046511627907
360.2
361.222222222222
360
360.975308641975
361.046511627907
361.2
362.222222222222
361
361.975308641975
362.046511627907
362.2
363.222222222222
362
362.975308641975
363.046511627907
363.2
364.222222222222
363
363.975308641975
364.046511627907
364.2
365.222222222222
364
364.975308641975
365.046511627907
365.2
366.222222222222
365
365.975308641975
366.046511627907
366.2
367.222222222222
366
366.975308641975
367.046511627907
367.2
368.222222222222
367
367.975308641975
368.046511627907
368.2
369.222222222222
368
368.975308641975
369.046511627907
369.2
370.222222222222
369
369.975308641975
370.046511627907
370.2
371.222222222222
370
370.975308641975
371.046511627907
371.2
372.222222222222
371
371.975308641975
372.046511627907
372.2
373.222222222222
372
372.975308641975
373.046511627907
373.2
374.222222222222
373
373.975308641975
374.046511627907
374.2
375.222222222222
374
374.975308641975
375.046511627907
375.2
376.222222222222
375
375.975308641975
376.046511627907
376.2
377.222222222222
376
376.975308641975
377.046511627907
377.2
378.222222222222
377
377.975308641975
378.046511627907
378.2
379.222222222222
378
378.975308641975
379.046511627907
379.2
380.222222222222
379
379.975308641975
380.046511627907
380.2
381.222222222222
380
380.975308641975
381.046511627907
381.2
382.222222222222
381
381.975308641975
382.046511627907
382.2
383.222222222222
382
382.975308641975
383.046511627907
383.2
384.222222222222
383
383.975308641975
384.046511627907
384.2
385.222222222222
384
384.975308641975
385.046511627907
385.2
386.222222222222
385
385.975308641975
386.046511627907
386.2
387.222222222222
386
386.975308641975
387.046511627907
387.2
388.222222222222
387
387.975308641975
388.046511627907
388.2
389.222222222222
388
388.975308641975
389.046511627907
389.2
390.222222222222
389
389.975308641975
390.046511627907
390.2
391.222222222222
390
390.975308641975
391.046511627907
391.2
392.222222222222
391
391.975308641975
392.046511627907
392.2
393.222222222222
392
392.975308641975
393.046511627907
393.2
394.222222222222
393
393.975308641975
394.046511627907
394.2
395.222222222222
394
394.975308641975
395.046511627907
395.2
396.222222222222
395
395.975308641975
396.046511627907
396.2
397.222222222222
396
396.975308641975
397.046511627907
397.2
398.222222222222
397
397.975308641975
398.046511627907
398.2
399.222222222222
398
398.975308641975
399.046511627907
399.2
400.222222222222
399
399.975308641975
400.046511627907
400.2
401.222222222222
400
400.975308641975
401.046511627907
401.2
402.222222222222
401
401.975308641975
402.046511627907
402.2
403.222222222222
402
402.975308641975
403.046511627907
403.2
404.222222222222
403
403.975308641975
404.046511627907
404.2
405.222222222222
404
404.975308641975
405.046511627907
405.2
406.222222222222
405
405.975308641975
406.046511627907
406.2
407.222222222222
406
406.975308641975
407.046511627907
407.2
408.222222222222
407
407.975308641975
408.046511627907
408.2
409.222222222222
408
408.975308641975
409.046511627907
409.2
410.222222222222
409
409.975308641975
410.046511627907
410.2
411.222222222222
410
410.975308641975
411.046511627907
411.2
412.222222222222
411
411.975308641975
412.046511627907
412.2
413.222222222222
412
412.975308641975
413.046511627907
413.2
414.222222222222
413
413.975308641975
414.046511627907
414.2
415.222222222222
414
414.975308641975
415.046511627907
415.2
416.222222222222
415
415.975308641975
416.046511627907
416.2
417.222222222222
416
416.975308641975
417.046511627907
417.2
418.222222222222
417
417.975308641975
418.046511627907
418.2
419.222222222222
418
418.975308641975
419.046511627907
419.2
420.222222222222
419
419.975308641975
420.046511627907
420.2
421.222222222222
420
420.975308641975
421.046511627907
421.2
422.222222222222
421
421.975308641975
422.046511627907
422.2
423.222222222222
422
422.975308641975
423.046511627907
423.2
424.222222222222
423
423.975308641975
424.046511627907
424.2
425.222222222222
424
424.975308641975
425.046511627907
425.2
426.222222222222
425
425.975308641975
426.046511627907
426.2
427.222222222222
426
426.975308641975
427.046511627907
427.2
428.222222222222
427
427.975308641975
428.046511627907
428.2
429.222222222222
428
428.975308641975
429.046511627907
429.2
430.222222222222
429
429.975308641975
430.046511627907
430.2
431.222222222222
430
430.975308641975
431.046511627907
431.2
432.222222222222
431
431.975308641975
432.046511627907
432.2
433.222222222222
432
432.975308641975
433.046511627907
433.2
434.222222222222
433
433.975308641975
434.046511627907
434.2
435.222222222222
434
434.975308641975
435.046511627907
435.2
436.222222222222
435
435.975308641975
436.046511627907
436.2
437.222222222222
436
436.975308641975
437.046511627907
437.2
438.222222222222
437
437.975308641975
438.046511627907
438.2
439.222222222222
438
438.975308641975
439.046511627907
439.2
440.222222222222
439
439.975308641975
440.046511627907
440.2
441.222222222222
440
440.975308641975
441.046511627907
441.2
442.222222222222
441
441.975308641975
442.046511627907
442.2
443.222222222222
442
442.975308641975
443.046511627907
443.2
444.222222222222
443
443.975308641975
444.046511627907
444.2
445.222222222222
444
444.975308641975
445.046511627907
445.2
446.222222222222
445
445.975308641975
446.046511627907
446.2
447.222222222222
446
446.975308641975
447.046511627907
447.2
448.222222222222
447
447.975308641975
448.046511627907
448.2
449.222222222222
448
448.975308641975
449.046511627907
449.2
450.222222222222
449
449.975308641975
450.046511627907
450.2
451.222222222222
450
450.975308641975
451.046511627907
451.2
452.222222222222
451
451.975308641975
452.046511627907
452.2
453.222222222222
452
452.975308641975
453.046511627907
453.2
454.222222222222
453
453.975308641975
454.046511627907
454.2
455.222222222222
454
454.975308641975
455.046511627907
455.2
456.222222222222
455
455.975308641975
456.046511627907
456.2
457.222222222222
456
456.975308641975
457.046511627907
457.2
458.222222222222
457
457.975308641975
458.046511627907
458.2
459.222222222222
458
458.975308641975
459.046511627907
459.2
460.222222222222
459
459.975308641975
460.046511627907
460.2
461.222222222222
460
460.975308641975
461.046511627907
461.2
462.222222222222
461
461.975308641975
462.046511627907
462.2
463.222222222222
462
462.975308641975
463.046511627907
463.2
464.222222222222
463
463.975308641975
464.046511627907
464.2
465.222222222222
464
464.975308641975
465.046511627907
465.2
466.222222222222
465
465.975308641975
466.046511627907
466.2
467.222222222222
466
466.975308641975
467.046511627907
467.2
468.222222222222
467
467.975308641975
468.046511627907
468.2
469.222222222222
468
468.975308641975
469.046511627907
469.2
470.222222222222
469
469.975308641975
470.046511627907
470.2
471.222222222222
470
470.975308641975
471.046511627907
471.2
472.222222222222
471
471.975308641975
472.046511627907
472.2
473.222222222222
472
472.975308641975
473.046511627907
473.2
474.222222222222
473
473.975308641975
474.046511627907
474.2
475.222222222222
474
474.975308641975
475.046511627907
475.2
476.222222222222
475
475.975308641975
476.046511627907
476.2
477.222222222222
476
476.975308641975
477.046511627907
477.2
478.222222222222
477
477.975308641975
478.046511627907
478.2
479.222222222222
478
478.975308641975
479.046511627907
479.2
480.222222222222
479
479.975308641975
480.046511627907
480.2
481.222222222222
480
480.975308641975
481.046511627907
481.2
482.222222222222
481
481.975308641975
482.046511627907
482.2
483.222222222222
482
482.975308641975
483.046511627907
483.2
484.222222222222
483
483.975308641975
484.046511627907
484.2
485.222222222222
484
484.975308641975
485.046511627907
485.2
486.222222222222
485
485.975308641975
486.046511627907
486.2
487.222222222222
486
486.975308641975
487.046511627907
487.2
488.222222222222
487
487.975308641975
488.046511627907
488.2
489.222222222222
488
488.975308641975
489.046511627907
489.2
490.222222222222
489
489.975308641975
490.046511627907
490.2
491.222222222222
490
490.975308641975
491.046511627907
491.2
492.222222222222
491
491.975308641975
492.046511627907
492.2
493.222222222222
492
492.975308641975
493.046511627907
493.2
494.222222222222
493
493.975308641975
494.046511627907
494.2
495.222222222222
494
494.975308641975
495.046511627907
495.2
496.222222222222
495
495.975308641975
496.046511627907
496.2
497.222222222222
496
496.975308641975
497.046511627907
497.2
498.222222222222
497
497.975308641975
498.046511627907
498.2
499.222222222222
498
498.975308641975
499.046511627907
499.2
500.222222222222
499
499.975308641975
500.046511627907
500.2
501.222222222222
500
500.975308641975
501.046511627907
501.2
502.222222222222
501
501.975308641975
502.046511627907
502.2
503.222222222222
502
502.975308641975
503.046511627907
503.2
504.222222222222
503
503.975308641975
504.046511627907
504.2
505.222222222222
504
504.975308641975
505.046511627907
505.2
506.222222222222
505
505.975308641975
506.046511627907
506.2
507.222222222222
506
506.975308641975
507.046511627907
507.2
508.222222222222
507
507.975308641975
508.046511627907
508.2
509.222222222222
508
508.975308641975
509.046511627907
509.2
510.222222222222
509
509.975308641975
510.046511627907
510.2
511.222222222222
510
510.975308641975
511.046511627907
511.2
512.222222222222
511
511.975308641975
512.046511627907
512.2
513.222222222222
512
512.975308641975
513.046511627907
513.2
514.222222222222
513
513.975308641975
514.046511627907
514.2
515.222222222222
514
514.975308641975
515.046511627907
515.2
516.222222222222
515
515.975308641975
516.046511627907
516.2
517.222222222222
516
516.975308641975
517.046511627907
517.2
518.222222222222
517
517.975308641975
518.046511627907
518.2
519.222222222222
518
518.975308641975
519.046511627907
519.2
520.222222222222
519
519.975308641975
520.046511627907
520.2
521.222222222222
520
520.975308641975
521.046511627907
521.2
522.222222222222
521
521.975308641975
522.046511627907
522.2
523.222222222222
522
522.975308641975
523.046511627907
523.2
524.222222222222
523
523.975308641975
524.046511627907
524.2
525.222222222222
524
524.975308641975
525.046511627907
525.2
526.222222222222
525
525.975308641975
526.046511627907
526.2
527.222222222222
526
526.975308641975
527.046511627907
527.2
528.222222222222
527
527.975308641975
528.046511627907
528.2
529.222222222222
528
528.975308641975
529.046511627907
529.2
530.222222222222
529
529.975308641975
530.046511627907
530.2
531.222222222222
530
530.975308641975
531.046511627907
531.2
532.222222222222
531
531.975308641975
532.046511627907
532.2
533.222222222222
532
532.975308641975
533.046511627907
533.2
534.222222222222
533
533.975308641975
534.046511627907
534.2
535.222222222222
534
534.975308641975
535.046511627907
535.2
536.222222222222
535
535.975308641975
536.046511627907
536.2
537.222222222222
536
536.975308641975
537.046511627907
537.2
538.222222222222
537
537.975308641975
538.046511627907
538.2
539.222222222222
538
538.975308641975
539.046511627907
539.2
540.222222222222
539
539.975308641975
540.046511627907
540.2
541.222222222222
540
540.975308641975
541.046511627907
541.2
542.222222222222
541
541.975308641975
542.046511627907
542.2
543.222222222222
542
542.975308641975
543.046511627907
543.2
544.222222222222
543
543.975308641975
544.046511627907
544.2
545.222222222222
544
544.975308641975
545.046511627907
545.2
546.222222222222
545
545.975308641975
546.046511627907
546.2
547.222222222222
546
546.975308641975
547.046511627907
547.2
548.222222222222
547
547.975308641975
548.046511627907
548.2
549.222222222222
548
548.975308641975
549.046511627907
549.2
550.222222222222
549
549.975308641975
550.046511627907
550.2
551.222222222222
550
550.975308641975
551.046511627907
551.2
552.222222222222
551
551.975308641975
552.046511627907
552.2
553.222222222222
552
552.975308641975
553.046511627907
553.2
554.222222222222
553
553.975308641975
554.046511627907
554.2
555.222222222222
554
554.975308641975
555.046511627907
555.2
556.222222222222
555
555.975308641975
556.046511627907
556.2
557.222222222222
556
556.975308641975
557.046511627907
557.2
558.222222222222
557
557.975308641975
558.046511627907
558.2
559.222222222222
558
558.975308641975
559.046511627907
559.2
560.222222222222
559
559.975308641975
560.046511627907
560.2
561.222222222222
560
560.975308641975
561.046511627907
561.2
562.222222222222
561
561.975308641975
562.046511627907
562.2
563.222222222222
562
562.975308641975
563.046511627907
563.2
564.222222222222
563
563.975308641975
564.046511627907
564.2
565.222222222222
564
564.975308641975
565.046511627907
565.2
566.222222222222
565
565.975308641975
566.046511627907
566.2
567.222222222222
566
566.975308641975
567.046511627907
567.2
568.222222222222
567
567.975308641975
568.046511627907
568.2
569.222222222222
568
568.975308641975
569.046511627907
569.2
570.222222222222
569
569.975308641975
570.046511627907
570.2
571.222222222222
570
570.975308641975
571.046511627907
571.2
572.222222222222
571
571.975308641975
572.046511627907
572.2
573.222222222222
572
572.975308641975
573.046511627907
573.2
574.222222222222
573
573.975308641975
574.046511627907
574.2
575.222222222222
574
574.975308641975
575.046511627907
575.2
576.222222222222
575
575.975308641975
576.046511627907
576.2
577.222222222222
576
576.975308641975
577.046511627907
577.2
578.222222222222
577
577.975308641975
578.046511627907
578.2
579.222222222222
578
578.975308641975
579.046511627907
579.2
580.222222222222
579
579.975308641975
580.046511627907
580.2
581.222222222222
580
580.975308641975
581.046511627907
581.2
582.222222222222
581
581.975308641975
582.046511627907
582.2
583.222222222222
582
582.975308641975
583.046511627907
583.2
584.222222222222
583
583.975308641975
584.046511627907
584.2
585.222222222222
584
584.975308641975
585.046511627907
585.2
586.222222222222
585
585.975308641975
586.046511627907
586.2
587.222222222222
586
586.975308641975
587.046511627907
587.2
588.222222222222
587
587.975308641975
588.046511627907
588.2
589.222222222222
588
588.975308641975
589.046511627907
589.2
590.222222222222
589
589.975308641975
590.046511627907
590.2
591.222222222222
590
590.975308641975
591.046511627907
591.2
592.222222222222
591
591.975308641975
592.046511627907
592.2
593.222222222222
592
592.975308641975
593.046511627907
593.2
594.222222222222
593
593.975308641975
594.046511627907
594.2
595.222222222222
594
594.975308641975
595.046511627907
595.2
596.222222222222
595
595.975308641975
596.046511627907
596.2
597.222222222222
596
596.975308641975
597.046511627907
597.2
598.222222222222
597
597.975308641975
598.046511627907
598.2
599.222222222222
598
598.975308641975
599.046511627907
599.2
600.222222222222
599
599.975308641975
600.046511627907
600.2
601.222222222222
600
600.975308641975
601.046511627907
601.2
602.222222222222
601
601.975308641975
602.046511627907
602.2
603.222222222222
602
602.975308641975
603.046511627907
603.2
604.222222222222
603
603.975308641975
604.046511627907
604.2
605.222222222222
604
604.975308641975
605.046511627907
605.2
606.222222222222
605
605.975308641975
606.046511627907
606.2
607.222222222222
606
606.975308641975
607.046511627907
607.2
608.222222222222
607
607.975308641975
608.046511627907
608.2
609.222222222222
608
608.975308641975
609.046511627907
609.2
610.222222222222
609
609.975308641975
610.046511627907
610.2
611.222222222222
610
610.975308641975
611.046511627907
611.2
612.222222222222
611
611.975308641975
612.046511627907
612.2
613.222222222222
612
612.975308641975
613.046511627907
613.2
614.222222222222
613
613.975308641975
614.046511627907
614.2
615.222222222222
614
614.975308641975
615.046511627907
615.2
616.222222222222
615
615.975308641975
616.046511627907
616.2
617.222222222222
616
616.975308641975
617.046511627907
617.2
618.222222222222
617
617.975308641975
618.046511627907
618.2
619.222222222222
618
618.975308641975
619.046511627907
619.2
620.222222222222
619
619.975308641975
620.046511627907
620.2
621.222222222222
620
620.975308641975
621.046511627907
621.2
622.222222222222
621
621.975308641975
622.046511627907
622.2
623.222222222222
622
622.975308641975
623.046511627907
623.2
624.222222222222
623
623.975308641975
624.046511627907
624.2
625.222222222222
624
624.975308641975
625.046511627907
625.2
626.222222222222
625
625.975308641975
626.046511627907
626.2
627.222222222222
626
626.975308641975
627.046511627907
627.2
628.222222222222
627
627.975308641975
628.046511627907
628.2
629.222222222222
628
628.975308641975
629.046511627907
629.2
630.222222222222
629
629.975308641975
630.046511627907
630.2
631.222222222222
630
630.975308641975
631.046511627907
631.2
632.222222222222
631
631.975308641975
632.046511627907
632.2
633.222222222222
632
632.975308641975
633.046511627907
633.2
634.222222222222
633
633.975308641975
634.046511627907
634.2
635.222222222222
634
634.975308641975
635.046511627907
635.2
636.222222222222
635
635.975308641975
636.046511627907
636.2
637.222222222222
636
636.975308641975
637.046511627907
637.2
638.222222222222
637
637.975308641975
638.046511627907
638.2
639.222222222222
638
638.975308641975
639.046511627907
639.2
640.222222222222
639
639.975308641975
640.046511627907
640.2
641.222222222222
640
640.975308641975
641.046511627907
641.2
642.222222222222
641
641.975308641975
642.046511627907
642.2
643.222222222222
642
642.975308641975
643.046511627907
643.2
644.222222222222
643
643.975308641975
644.046511627907
644.2
645.222222222222
644
644.975308641975
645.046511627907
645.2
646.222222222222
645
645.975308641975
646.046511627907
646.2
647.222222222222
646
646.975308641975
647.046511627907
647.2
648.222222222222
647
647.975308641975
648.046511627907
648.2
649.222222222222
648
648.975308641975
649.046511627907
649.2
650.222222222222
649
649.975308641975
650.046511627907
650.2
651.222222222222
650
650.975308641975
651.046511627907
651.2
652.222222222222
651
651.975308641975
652.046511627907
652.2
653.222222222222
652
652.975308641975
653.046511627907
653.2
654.222222222222
653
653.975308641975
654.046511627907
654.2
655.222222222222
654
654.975308641975
655.046511627907
655.2
656.222222222222
655
655.975308641975
656.046511627907
656.2
657.222222222222
656
656.975308641975
657.046511627907
657.2
658.222222222222
657
657.975308641975
658.046511627907
658.2
659.222222222222
658
658.975308641975
659.046511627907
659.2
660.222222222222
659
659.975308641975
660.046511627907
660.2
661.222222222222
660
660.975308641975
661.046511627907
661.2
662.222222222222
661
661.975308641975
662.046511627907
662.2
663.222222222222
662
662.975308641975
663.046511627907
663.2
664.222222222222
663
663.975308641975
664.046511627907
664.2
665.222222222222
664
664.975308641975
665.046511627907
665.2
666.222222222222
665
665.975308641975
666.046511627907
666.2
667.222222222222
666
666.975308641975
667.046511627907
667.2
668.222222222222
667
667.975308641975
668.046511627907
668.2
669.222222222222
668
668.975308641975
669.046511627907
669.2
670.222222222222
669
669.975308641975
670.046511627907
670.2
671.222222222222
670
670.975308641975
671.046511627907
671.2
672.222222222222
671
671.975308641975
672.046511627907
672.2
673.222222222222
672
672.975308641975
673.046511627907
673.2
674.222222222222
673
673.975308641975
674.046511627907
674.2
675.222222222222
674
674.975308641975
675.046511627907
675.2
676.222222222222
675
675.975308641975
676.046511627907
676.2
677.222222222222
676
676.975308641975
677.046511627907
677.2
678.222222222222
677
677.975308641975
678.046511627907
678.2
679.222222222222
678
678.975308641975
679.046511627907
679.2
680.222222222222
679
679.975308641975
680.046511627907
680.2
681.222222222222
680
680.975308641975
681.046511627907
681.2
682.222222222222
681
681.975308641975
682.046511627907
682.2
683.222222222222
682
682.975308641975
683.046511627907
683.2
684.222222222222
683
683.975308641975
684.046511627907
684.2
685.222222222222
684
684.975308641975
685.046511627907
685.2
686.222222222222
685
685.975308641975
686.046511627907
686.2
687.222222222222
686
686.975308641975
687.046511627907
687.2
688.222222222222
687
687.975308641975
688.046511627907
688.2
689.222222222222
688
688.975308641975
689.046511627907
689.2
690.222222222222
689
689.975308641975
690.046511627907
690.2
691.222222222222
690
690.975308641975
691.046511627907
691.2
692.222222222222
691
691.975308641975
692.046511627907
692.2
693.222222222222
692
692.975308641975
693.046511627907
693.2
694.222222222222
693
693.975308641975
694.046511627907
694.2
695.222222222222
694
694.975308641975
695.046511627907
695.2
696.222222222222
695
695.975308641975
696.046511627907
696.2
697.222222222222
696
696.975308641975
697.046511627907
697.2
698.222222222222
697
697.975308641975
698.046511627907
698.2
699.222222222222
698
698.975308641975
699.046511627907
699.2
700.222222222222
699
699.975308641975
700.046511627907
700.2
701.222222222222
700
700.975308641975
701.046511627907
701.2
702.222222222222
701
701.975308641975
702.046511627907
702.2
703.222222222222
702
702.975308641975
703.046511627907
703.2
704.222222222222
703
703.975308641975
704.046511627907
704.2
705.222222222222
704
704.975308641975
705.046511627907
705.2
706.222222222222
705
705.975308641975
706.046511627907
706.2
707.222222222222
706
706.975308641975
707.046511627907
707.2
708.222222222222
707
707.975308641975
708.046511627907
708.2
709.222222222222
708
708.975308641975
709.046511627907
709.2
710.222222222222
709
709.975308641975
710.046511627907
710.2
711.222222222222
710
710.975308641975
711.046511627907
711.2
712.222222222222
711
711.975308641975
712.046511627907
712.2
713.222222222222
712
712.975308641975
713.046511627907
713.2
714.222222222222
713
713.975308641975
714.046511627907
714.2
715.222222222222
714
714.975308641975
715.046511627907
715.2
716.222222222222
715
715.975308641975
716.046511627907
716.2
717.222222222222
716
716.975308641975
717.046511627907
717.2
718.222222222222
717
717.975308641975
718.046511627907
718.2
719.222222222222
718
718.975308641975
719.046511627907
719.2
720.222222222222
719
719.975308641975
720.046511627907
720.2
721.222222222222
720
720.975308641975
721.046511627907
721.2
722.222222222222
721
721.975308641975
722.046511627907
722.2
723.222222222222
722
722.975308641975
723.046511627907
723.2
724.222222222222
723
723.975308641975
724.046511627907
724.2
725.222222222222
724
724.975308641975
725.046511627907
725.2
726.222222222222
725
725.975308641975
726.046511627907
726.2
727.222222222222
726
726.975308641975
727.046511627907
727.2
728.222222222222
727
727.975308641975
728.046511627907
728.2
729.222222222222
728
728.975308641975
729.046511627907
729.2
730.222222222222
729
729.975308641975
730.046511627907
730.2
731.222222222222
730
730.975308641975
731.046511627907
731.2
732.222222222222
731
731.975308641975
732.046511627907
732.2
733.222222222222
732
732.975308641975
733.046511627907
733.2
734.222222222222
733
733.975308641975
734.046511627907
734.2
735.222222222222
734
734.975308641975
735.046511627907
735.2
736.222222222222
735
735.975308641975
736.046511627907
736.2
737.222222222222
736
736.975308641975
737.046511627907
737.2
738.222222222222
737
737.975308641975
738.046511627907
738.2
739.222222222222
738
738.975308641975
739.046511627907
739.2
740.222222222222
739
739.975308641975
740.046511627907
740.2
741.222222222222
740
740.975308641975
741.046511627907
741.2
742.222222222222
741
741.975308641975
742.046511627907
742.2
743.222222222222
742
742.975308641975
743.046511627907
743.2
744.222222222222
743
743.975308641975
744.046511627907
744.2
745.222222222222
744
744.975308641975
745.046511627907
745.2
746.222222222222
745
745.975308641975
746.046511627907
746.2
747.222222222222
746
746.975308641975
747.046511627907
747.2
748.222222222222
747
747.975308641975
748.046511627907
748.2
749.222222222222
748
748.975308641975
749.046511627907
749.2
750.222222222222
749
749.975308641975
750.046511627907
750.2
751.222222222222
750
750.975308641975
751.046511627907
751.2
752.222222222222
751
751.975308641975
752.046511627907
752.2
753.222222222222
752
752.975308641975
753.046511627907
753.2
754.222222222222
753
753.975308641975
754.046511627907
754.2
755.222222222222
754
754.975308641975
755.046511627907
755.2
756.222222222222
755
755.975308641975
756.046511627907
756.2
757.222222222222
756
756.975308641975
757.046511627907
757.2
758.222222222222
757
757.975308641975
758.046511627907
758.2
759.222222222222
758
758.975308641975
759.046511627907
759.2
760.222222222222
759
759.975308641975
760.046511627907
760.2
761.222222222222
760
760.975308641975
761.046511627907
761.2
762.222222222222
761
761.975308641975
762.046511627907
762.2
763.222222222222
762
762.975308641975
763.046511627907
763.2
764.222222222222
763
763.975308641975
764.046511627907
764.2
765.222222222222
764
764.975308641975
765.046511627907
765.2
766.222222222222
765
765.975308641975
766.046511627907
766.2
767.222222222222
766
766.975308641975
767.046511627907
767.2
768.222222222222
767
767.975308641975
768.046511627907
768.2
769.222222222222
768
768.975308641975
769.046511627907
769.2
770.222222222222
769
769.975308641975
770.046511627907
770.2
771.222222222222
770
770.975308641975
771.046511627907
771.2
772.222222222222
771
771.975308641975
772.046511627907
772.2
773.222222222222
772
772.975308641975
773.046511627907
773.2
774.222222222222
773
773.975308641975
774.046511627907
774.2
775.222222222222
774
774.975308641975
775.046511627907
775.2
776.222222222222
775
775.975308641975
776.046511627907
776.2
777.222222222222
776
776.975308641975
777.046511627907
777.2
778.222222222222
777
777.975308641975
778.046511627907
778.2
779.222222222222
778
778.975308641975
779.046511627907
779.2
780.222222222222
779
779.975308641975
780.046511627907
780.2
781.222222222222
780
780.975308641975
781.046511627907
781.2
782.222222222222
781
781.975308641975
782.046511627907
782.2
783.222222222222
782
782.975308641975
783.046511627907
783.2
784.222222222222
783
783.975308641975
784.046511627907
784.2
785.222222222222
784
784.975308641975
785.046511627907
785.2
786.222222222222
785
785.975308641975
786.046511627907
786.2
787.222222222222
786
786.975308641975
787.046511627907
787.2
788.222222222222
787
787.975308641975
788.046511627907
788.2
789.222222222222
788
788.975308641975
789.046511627907
789.2
790.222222222222
789
789.975308641975
790.046511627907
790.2
791.222222222222
790
790.975308641975
791.046511627907
791.2
792.222222222222
791
791.975308641975
792.046511627907
792.2
793.222222222222
792
792.975308641975
793.046511627907
793.2
794.222222222222
793
793.975308641975
794.046511627907
794.2
795.222222222222
794
794.975308641975
795.046511627907
795.2
796.222222222222
795
795.975308641975
796.046511627907
796.2
797.222222222222
796
796.975308641975
797.046511627907
797.2
798.222222222222
797
797.975308641975
798.046511627907
798.2
799.222222222222
798
798.975308641975
799.046511627907
799.2
800.222222222222
799
799.975308641975
800.046511627907
800.2
801.222222222222
800
800.975308641975
801.046511627907
801.2
802.222222222222
801
801.975308641975
802.046511627907
802.2
803.222222222222
802
802.975308641975
803.046511627907
803.2
804.222222222222
803
803.975308641975
804.046511627907
804.2
805.222222222222
804
804.975308641975
805.046511627907
805.2
806.222222222222
805
805.975308641975
806.046511627907
806.2
807.222222222222
806
806.975308641975
807.046511627907
807.2
808.222222222222
807
807.975308641975
808.046511627907
808.2
809.222222222222
808
808.975308641975
809.046511627907
809.2
810.222222222222
809
809.975308641975
810.046511627907
810.2
811.222222222222
810
810.975308641975
811.046511627907
811.2
812.222222222222
811
811.975308641975
812.046511627907
812.2
813.222222222222
812
812.975308641975
813.046511627907
813.2
814.222222222222
813
813.975308641975
814.046511627907
814.2
815.222222222222
814
814.975308641975
815.046511627907
815.2
816.222222222222
815
815.975308641975
816.046511627907
816.2
817.222222222222
816
816.975308641975
817.046511627907
817.2
818.222222222222
817
817.975308641975
818.046511627907
818.2
819.222222222222
818
818.975308641975
819.046511627907
819.2
820.222222222222
819
819.975308641975
820.046511627907
820.2
821.222222222222
820
820.975308641975
821.046511627907
821.2
822.222222222222
821
821.975308641975
822.046511627907
822.2
823.222222222222
822
822.975308641975
823.046511627907
823.2
824.222222222222
823
823.975308641975
824.046511627907
824.2
825.222222222222
824
824.975308641975
825.046511627907
825.2
826.222222222222
825
825.975308641975
826.046511627907
826.2
827.222222222222
826
826.975308641975
827.046511627907
827.2
828.222222222222
827
827.975308641975
828.046511627907
828.2
829.222222222222
828
828.975308641975
829.046511627907
829.2
830.222222222222
829
829.975308641975
830.046511627907
830.2
831.222222222222
830
830.975308641975
831.046511627907
831.2
832.222222222222
831
831.975308641975
832.046511627907
832.2
833.222222222222
832
832.975308641975
833.046511627907
833.2
834.222222222222
833
833.975308641975
834.046511627907
834.2
835.222222222222
834
834.975308641975
835.046511627907
835.2
836.222222222222
835
835.975308641975
836.046511627907
836.2
837.222222222222
836
836.975308641975
837.046511627907
837.2
838.222222222222
837
837.975308641975
838.046511627907
838.2
839.222222222222
838
838.975308641975
839.046511627907
839.2
840.222222222222
839
839.975308641975
840.046511627907
840.2
841.222222222222
840
840.975308641975
841.046511627907
841.2
842.222222222222
841
841.975308641975
842.046511627907
842.2
843.222222222222
842
842.975308641975
843.046511627907
843.2
844.222222222222
843
843.975308641975
844.046511627907
844.2
845.222222222222
844
844.975308641975
845.046511627907
845.2
846.222222222222
845
845.975308641975
846.046511627907
846.2
847.222222222222
846
846.975308641975
847.046511627907
847.2
848.222222222222
847
847.975308641975
848.046511627907
848.2
849.222222222222
848
848.975308641975
849.046511627907
849.2
850.222222222222
849
849.975308641975
850.046511627907
850.2
851.222222222222
850
850.975308641975
851.046511627907
851.2
852.222222222222
851
851.975308641975
852.046511627907
852.2
853.222222222222
852
852.975308641975
853.046511627907
853.2
854.222222222222
853
853.975308641975
854.046511627907
854.2
855.222222222222
854
854.975308641975
855.046511627907
855.2
856.222222222222
855
855.975308641975
856.046511627907
856.2
857.222222222222
856
856.975308641975
857.046511627907
857.2
858.222222222222
857
857.975308641975
858.046511627907
858.2
859.222222222222
858
858.975308641975
859.046511627907
859.2
860.222222222222
859
859.975308641975
860.046511627907
860.2
861.222222222222
860
860.975308641975
861.046511627907
861.2
862.222222222222
861
861.975308641975
862.046511627907
862.2
863.222222222222
862
862.975308641975
863.046511627907
863.2
864.222222222222
863
863.975308641975
864.046511627907
864.2
865.222222222222
864
864.975308641975
865.046511627907
865.2
866.222222222222
865
865.975308641975
866.046511627907
866.2
867.222222222222
866
866.975308641975
867.046511627907
867.2
868.222222222222
867
867.975308641975
868.046511627907
868.2
869.222222222222
868
868.975308641975
869.046511627907
869.2
870.222222222222
869
869.975308641975
870.046511627907
870.2
871.222222222222
870
870.975308641975
871.046511627907
871.2
872.222222222222
871
871.975308641975
872.046511627907
872.2
873.222222222222
872
872.975308641975
873.046511627907
873.2
874.222222222222
873
873.975308641975
874.046511627907
874.2
875.222222222222
874
874.975308641975
875.046511627907
875.2
876.222222222222
875
875.975308641975
876.046511627907
876.2
877.222222222222
876
876.975308641975
877.046511627907
877.2
878.222222222222
877
877.975308641975
878.046511627907
878.2
879.222222222222
878
878.975308641975
879.046511627907
879.2
880.222222222222
879
879.975308641975
880.046511627907
880.2
881.222222222222
880
880.975308641975
881.046511627907
881.2
882.222222222222
881
881.975308641975
882.046511627907
882.2
883.222222222222
882
882.975308641975
883.046511627907
883.2
884.222222222222
883
883.975308641975
884.046511627907
884.2
885.222222222222
884
884.975308641975
885.046511627907
885.2
886.222222222222
885
885.975308641975
886.046511627907
886.2
887.222222222222
886
886.975308641975
887.046511627907
887.2
888.222222222222
887
887.975308641975
888.046511627907
888.2
889.222222222222
888
888.975308641975
889.046511627907
889.2
890.222222222222
889
889.975308641975
890.046511627907
890.2
891.222222222222
890
890.975308641975
891.046511627907
891.2
892.222222222222
891
891.975308641975
892.046511627907
892.2
893.222222222222
892
892.975308641975
893.046511627907
893.2
894.222222222222
893
893.975308641975
894.046511627907
894.2
895.222222222222
894
894.975308641975
895.046511627907
895.2
896.222222222222
895
895.975308641975
896.046511627907
896.2
897.222222222222
896
896.975308641975
897.046511627907
897.2
898.222222222222
897
897.975308641975
898.046511627907
898.2
899.222222222222
898
898.975308641975
899.046511627907
899.2
900.222222222222
899
899.975308641975
900.046511627907
900.2
901.222222222222
900
900.975308641975
901.046511627907
901.2
902.222222222222
901
901.975308641975
902.046511627907
902.2
903.222222222222
902
902.975308641975
903.046511627907
903.2
904.222222222222
903
903.975308641975
904.046511627907
904.2
905.222222222222
904
904.975308641975
905.046511627907
905.2
906.222222222222
905
905.975308641975
906.046511627907
906.2
907.222222222222
906
906.975308641975
907.046511627907
907.2
908.222222222222
907
907.975308641975
908.046511627907
908.2
909.222222222222
908
908.975308641975
909.046511627907
909.2
910.222222222222
909
909.975308641975
910.046511627907
910.2
911.222222222222
910
910.975308641975
911.046511627907
911.2
912.222222222222
911
911.975308641975
912.046511627907
912.2
913.222222222222
912
912.975308641975
913.046511627907
913.2
914.222222222222
913
913.975308641975
914.046511627907
914.2
915.222222222222
914
914.975308641975
915.046511627907
915.2
916.222222222222
915
915.975308641975
916.046511627907
916.2
917.222222222222
916
916.975308641975
917.046511627907
917.2
918.222222222222
917
917.975308641975
918.046511627907
918.2
919.222222222222
918
918.975308641975
919.046511627907
919.2
920.222222222222
919
919.975308641975
920.046511627907
920.2
921.222222222222
920
920.975308641975
921.046511627907
921.2
922.222222222222
921
921.975308641975
922.046511627907
922.2
923.222222222222
922
922.975308641975
923.046511627907
923.2
924.222222222222
923
923.975308641975
924.046511627907
924.2
925.222222222222
924
924.975308641975
925.046511627907
925.2
926.222222222222
925
925.975308641975
926.046511627907
926.2
927.222222222222
926
926.975308641975
927.046511627907
927.2
928.222222222222
927
927.975308641975
928.046511627907
928.2
929.222222222222
928
928.975308641975
929.046511627907
929.2
930.222222222222
929
929.975308641975
930.046511627907
930.2
931.222222222222
930
930.975308641975
931.046511627907
931.2
932.222222222222
931
931.975308641975
932.046511627907
932.2
933.222222222222
932
932.975308641975
933.046511627907
933.2
934.222222222222
933
933.975308641975
934.046511627907
934.2
935.222222222222
934
934.975308641975
935.046511627907
935.2
936.222222222222
935
935.975308641975
936.046511627907
936.2
937.222222222222
936
936.975308641975
937.046511627907
937.2
938.222222222222
937
937.975308641975
938.046511627907
938.2
939.222222222222
938
938.975308641975
939.046511627907
939.2
940.222222222222
939
939.975308641975
940.046511627907
940.2
941.222222222222
940
940.975308641975
941.046511627907
941.2
942.222222222222
941
941.975308641975
942.046511627907
942.2
943.222222222222
942
942.975308641975
943.046511627907
943.2
944.222222222222
943
943.975308641975
944.046511627907
944.2
945.222222222222
944
944.975308641975
945.046511627907
945.2
946.222222222222
945
945.975308641975
946.046511627907
946.2
947.222222222222
946
946.975308641975
947.046511627907
947.2
948.222222222222
947
947.975308641975
948.046511627907
948.2
949.222222222222
948
948.975308641975
949.046511627907
949.2
950.222222222222
949
949.975308641975
950.046511627907
950.2
951.222222222222
950
950.975308641975
951.046511627907
951.2
952.222222222222
951
951.975308641975
952.046511627907
952.2
953.222222222222
952
952.975308641975
953.046511627907
953.2
954.222222222222
953
953.975308641975
954.046511627907
954.2
955.222222222222
954
954.975308641975
955.046511627907
955.2
956.222222222222
955
955.975308641975
956.046511627907
956.2
957.222222222222
956
956.975308641975
957.046511627907
957.2
958.222222222222
957
957.975308641975
958.046511627907
958.2
959.222222222222
958
958.975308641975
959.046511627907
959.2
960.222222222222
959
959.975308641975
960.046511627907
960.2
961.222222222222
960
960.975308641975
961.046511627907
961.2
962.222222222222
961
961.975308641975
962.046511627907
962.2
963.222222222222
962
962.975308641975
963.046511627907
963.2
964.222222222222
963
963.975308641975
964.046511627907
964.2
965.222222222222
964
964.975308641975
965.046511627907
965.2
966.222222222222
965
965.975308641975
966.046511627907
966.2
967.222222222222
966
966.975308641975
967.046511627907
967.2
968.222222222222
967
967.975308641975
968.046511627907
968.2
969.222222222222
968
968.975308641975
969.046511627907
969.2
970.222222222222
969
969.975308641975
970.046511627907
970.2
971.222222222222
970
970.975308641975
971.046511627907
971.2
972.222222222222
971
971.975308641975
972.046511627907
972.2
973.222222222222
972
972.975308641975
973.046511627907
973.2
974.222222222222
973
973.975308641975
974.046511627907
974.2
975.222222222222
974
974.975308641975
975.046511627907
975.2
976.222222222222
975
975.975308641975
976.046511627907
976.2
977.222222222222
976
976.975308641975
977.046511627907
977.2
978.222222222222
977
977.975308641975
978.046511627907
978.2
979.222222222222
978
978.975308641975
979.046511627907
979.2
980.222222222222
979
979.975308641975
980.046511627907
980.2
981.222222222222
980
980.975308641975
981.046511627907
981.2
982.222222222222
981
981.975308641975
982.046511627907
982.2
983.222222222222
982
982.975308641975
983.046511627907
983.2
984.222222222222
983
983.975308641975
984.046511627907
984.2
985.222222222222
984
984.975308641975
985.046511627907
985.2
986.222222222222
985
985.975308641975
986.046511627907
986.2
987.222222222222
986
986.975308641975
987.046511627907
987.2
988.222222222222
987
987.975308641975
988.046511627907
988.2
989.222222222222
988
988.975308641975
989.046511627907
989.2
990.222222222222
989
989.975308641975
990.046511627907
990.2
991.222222222222
990
990.975308641975
991.046511627907
991.2
992.222222222222
991
991.975308641975
992.046511627907
992.2
993.222222222222
992
992.975308641975
993.046511627907
993.